,Name,Review Rate,Review Time,Review Text
0,Shabu Shabu, 5 stars ,4 years ago,"The concept of ""all you can eat"" is just awesome. You pay 27€ and eat non stop for 2 hours. Food was also awesome. Fresh and tasty. Your orders are delivered very fast. …"
1,Shabu Shabu, 5 stars ,3 years ago,"The service is good, the location and the restaurant is ok, so big and spacious, not busy for weekdays and all you can eat is not bad.. They offer this buffet for dessert and not bad at all even the brownies"
2,Shabu Shabu, 4 stars ,3 years ago,Food is delicious!! The staff were really nice and even took pictures of us. They were also kind enough to let us switch to another table.The only downside is that the drinks were on the expensive side (But also really delicious to be …
3,Shabu Shabu, 5 stars ,2 years ago,"We were a bit sceptical because some of the reviews were not the best, but we tried. And we were so positively surprised. Extremely nice staff and actually very good sushi. The service is also very fast. Definitely recommend!"
4,Shabu Shabu, 4 stars ,4 years ago,"If you are hungry, then yes. We really enjoyed our time from this restaurant on the other location so we wanted to try here too. Since we were so hungry and we usually eat a lot so this kind of restaurant was good choice for us to afford …"
5,Shabu Shabu, 5 stars ,2 years ago,Very tasty food. We were there on Christmas Day and it was a little pricy (38 euro/person). The staff is really helpful and friendly. Definitely recommend going there.
6,Shabu Shabu, 5 stars ,3 years ago,"This place is very good option if you are hungry but you want light food to enjoy in it.
Cozy and comfy place, very good service, kind staff. …"
7,Shabu Shabu, 4 stars ,3 years ago,"Tasty food , really nice sushi , I always go to this sushi caffe in Amsterdam. I give 4 stars , because deserts are not tasty. They charge a lot of money, for desert they could put normal cakes."
8,Shabu Shabu, 4 stars ,4 years ago,Nice location and the place is nicely decorated. Service is kinda slow and sometimes you get a waiter giving you the food with little care. …
9,Shabu Shabu, 1 star ,2 years ago,Attended here very recently and from the outside and decent lengthly fresh menu I thought I would be in for a delicious meal. …
10,Shabu Shabu, 5 stars ,3 years ago,"All you can eat!!  Good price excellent sushi 🍥 🍣! 18,50€ for guest."
11,Shabu Shabu, 5 stars ,3 years ago,Nice place. You can have all you can eat fare for 17 euros. Sushi tastes nice.
12,Shabu Shabu, 5 stars ,3 years ago,We enjoyed our food very much.  The staff were very friendly and helpful :-)
13,Shabu Shabu, 5 stars ,3 years ago,"Very nice sushi, the best nigiris I’ve ever tasted! Friendly staff, beautiful place... definitely a good place if you love sushi.
The best you can do is order a mix menu, otherwise your sushi will cost you a lot of money."
14,Shabu Shabu, 5 stars ,2 years ago,"Amazing restaurant, nice people and the best sushi ever!!"
15,Shabu Shabu, 5 stars ,3 years ago,"Quick to be seated and served. Food tastes amazing, drinks were a little pricy however. Place was clean, and quiet enough to relax after a long day of sightseeing"
16,Shabu Shabu, 3 stars ,4 years ago,So many small dishes to choose from. Not that quality food one expects. I like the deep fried buffalo wings though.
17,Shabu Shabu, 4 stars ,2 years ago,"Delicious food and super quick service! Lots of different options on the menu, and you can either get individual rolls or pick one of the sets."
18,Shabu Shabu, 5 stars ,3 years ago,My favorite restaurant in the city! You can order using a tablet! The taste is amazing and the dessert buffet is awesome!
19,Shabu Shabu, 4 stars ,4 years ago,Efficient and delicious place to visit. Great choice for when you're a bit indecisive (you can try several different dishes) 8/10 Qstars #beef #sushi #wine 😱#bday #tempura #nice #ayce #quiquinnvsfood #paradarseungusto #joy #foodtours #amsterdam #netherlands #rated #qstars #qrated #trip #travel #yolo #LocalGuides
20,Shabu Shabu, 4 stars ,3 years ago,"Great food. Unusual varieties, more than 100 dishes!"
21,Shabu Shabu, 3 stars ,2 years ago,"It has a great variety of dishes to choose from, and is all you can eat. The food sometimes tastes great, sometimes meh but never bad. The bad part is that service (apart from bringing the food) seems to be very consistently slow. This …"
22,Shabu Shabu, 4 stars ,2 years ago,"We got in around 8:30pm, there was a lot of people there but we got a table pretty fast. You get a small tablet where you can order as much as you want for 2 hours, drinks not included. …"
23,Shabu Shabu, 5 stars ,2 years ago,"The food is amazing, the staff is very friendly and I like the concept of ordering your food and beverages on a tablet."
24,Shabu Shabu, 4 stars ,2 years ago,All you can eat sushi for €30 pp for two hours of non stop eating. Every ten minutes each person can order 4 small food portions using a tablet. …
25,Shabu Shabu, 4 stars ,3 years ago,Very tasty food if you are into Sushi. Service kind of ok but very robotic.
26,Shabu Shabu, 4 stars ,2 years ago,An opportunity to try small portions of an endless array of sushi - all for a set price of €30. …
27,Shabu Shabu, 4 stars ,2 years ago,Great value and good quality food! Worth every penny
28,Shabu Shabu, 1 star ,a year ago,"We made a reservation well in advance and received a confirmation for it.
One day before the booking date, we even received a second confirmation email informing us to not be late. Upon arriving, the restaurant was closed. Calling …"
29,Shabu Shabu, 4 stars ,2 years ago,"Afternoon,

To be fair, food was okay, didn’t make huge impression, but was tasty enough. …"
30,Shabu Shabu, 5 stars ,3 years ago,Loved this experience - sushi was delicious plus enough variety on the menu for non sushi lovers. Really enjoyed having our own tablet so we could order what we wanted when we wanted. AND a dessert buffet included in the price! The …
31,Shabu Shabu, 4 stars ,4 years ago,"Had a lunch here, went with the sushi, it was prepared correctly and the food was tasty.  I cannot fault them."
32,Shabu Shabu, 5 stars ,3 years ago,"Quite good food for an AYCE, drinks are on the expensive side. You can order from a tablet which makes it quite efficient."
33,Shabu Shabu, 5 stars ,2 years ago,I’m hoping the concept of all-you-can-eat sushi will be copied all over the world! …
34,Shabu Shabu, 5 stars ,3 years ago,"Two of us dined for an all-you-can-eat lunch - reasonably priced at €18.50 per person. Good range of fish, chicken, veg plates etc and an easy-to-use tablet system allows you to order four plates per person every ten minutes. You're …"
35,Shabu Shabu, 5 stars ,3 years ago,"We had a company outing and we chose the all you can eat menu. You order in rounds, about five items per person, then you can order after 7-10minutes. …"
36,Shabu Shabu, 4 stars ,2 years ago,"Huge place offering all you can eat sushi, they had a good variety of sushi, you can only order 4 dishes per person every 10 minutes, drinks are not included, even though there are some desserts, fruits and ice-cream that you can help …"
37,Shabu Shabu, 4 stars ,3 years ago,"Very expensive menu. Option are what you would expect in a all you can eat sushi place. Not that many sushi options though. Ordering was very smooth through tablets and the food came to the table super fast! Some dishes were great, some …"
38,Shabu Shabu, 2 stars ,2 years ago,"The website is not clear about lunch and dinner. They have a different menu for lunch, which wasn't a great menu. If I had known from the site that this would be the lunch menu, I would have gone to a different restaurant. Price on the …"
39,Shabu Shabu, 3 stars ,2 years ago,"Eat whatever you can style . Service good, food not bad, price good."
40,Shabu Shabu, 3 stars ,2 years ago,"Having been to Shabu Shabu for several years now, I've experienced the worst and the best of the place. It's the classic ""all you can eat"" system, where you can order an unlimited amount of dishes in a certain time-frame for a set price, …"
41,Shabu Shabu, 1 star ,2 years ago,"The food is not good at all!!! The sushi had this nasty fish taste that’s been sitting around for ages! The meat wasn’t  good either. The noodles had a burnt taste to them and were super dry!! In summary, we paid a very expensive bill for less than average food. Very disappointed."
42,Shabu Shabu, 5 stars ,2 years ago,Delicious didn't begin to cover it! Selection is amazing and you are not rushed at all!
43,Shabu Shabu, 1 star ,2 years ago,"It was horrible!!!! The waitresses just torture us with their unprofessionality. They seems unhappy about their work. They threw  food on us without apology and thanks god it wasn't soup.  They said nothing about the food, no explanation. …"
44,Shabu Shabu, 5 stars ,2 years ago,"Nice atmosphere, with very kind and good service. The staff is very friendly and helpfull. For a good price you can eat for 2 hours,  and the food is so tasty. Everything arrived in time to the table. And one of the best part... the dessert bar also included."
45,Shabu Shabu, 5 stars ,3 years ago,"This was our first trip to this chain, interesting concept on food ordering and delivery.  Gluten  free selection was good.  Even our picky eater was happy.  Food was good also, all you can eat.  Also all you can drink...but not on the weekend."
46,Shabu Shabu, 4 stars ,4 years ago,"Cheap all you can eat lunch 17€ pp. Nice tablet to order food. Really spacious and brilliant theme. One of the waitress was awesome the other awful (no smile, arguing over pushing the wrong button on tablet...) Would recommend though. Food was good!"
47,Shabu Shabu, 5 stars ,2 years ago,"Good all you-can-eat restaurant with a good seafood/sushi menu.
You order by a tablet as much as you want for 2 hours
Price/quality is good for a restaurant in the center of Amsterdam …"
48,Shabu Shabu, 5 stars ,3 years ago,"Fantastic value. Not your bog standard all-you-can eat buffet, but table service. The all-you-can eat menu is a sushi menu so you need to like sushi! For two hours you can order 6 items each every 8 minutes for around  €28 each. An item …"
49,Shabu Shabu, 5 stars ,2 years ago,"Really good restaurant to have some sushi. Has a weird thing of waiting for 10 minutes between orders and also a maximum of 4 dishes per person. Not that normal on restaurants alike, but well, you'll still be full when you leave. There is …"
50,Shabu Shabu, 4 stars ,2 years ago,An opportunity to try small portions of an endless array of sushi - all for a set price of €30. …
51,Shabu Shabu, 1 star ,2 years ago,"Liars. Arrived at 1540 to have lunch. I the website there's information about hours and pricing. Said that lunch is up until 1600 and the price is 18,90. …"
52,Shabu Shabu, 5 stars ,3 years ago,"Good food, a lot of choices. Korean dishes are fun to try this way (all you can eat), but I love sushi more!
Overall nothing bad to say about this restaurant."
53,Shabu Shabu, 4 stars ,2 years ago,"Huge place offering all you can eat sushi, they had a good variety of sushi, you can only order 4 dishes per person every 10 minutes, drinks are not included, even though there are some desserts, fruits and ice-cream that you can help …"
54,Shabu Shabu, 5 stars ,2 years ago,"Good all you-can-eat restaurant with a good seafood/sushi menu.
You order by a tablet as much as you want for 2 hours
Price/quality is good for a restaurant in the center of Amsterdam …"
55,Shabu Shabu, 5 stars ,2 years ago,This place is awesome. You get a tablet at your table with probably 100+ options. You choose up to eight items on the tablet and the servers bring you the food 5 to 10 minutes later. And it's all you can eat.
56,Shabu Shabu, 5 stars ,2 years ago,Such great sushi for an all you can eat place. The staff is usually attentive and I like ordering on the tablets. Try the karage!
57,Shabu Shabu, 5 stars ,3 years ago,"Beautiful restaurant, very friendly and helpful staff and an almost staggering amount of things on the menu. Pricing isn't very expensive either (I'm a student and even I could afford to eat here.) all in all, a wonderful restaurant you should definitely give a try, make sure you book a reservation in advance though."
58,Shabu Shabu, 5 stars ,3 years ago,"Two of us dined for an all-you-can-eat lunch - reasonably priced at €18.50 per person. Good range of fish, chicken, veg plates etc and an easy-to-use tablet system allows you to order four plates per person every ten minutes. You're …"
59,Shabu Shabu, 5 stars ,3 years ago,"This was our first trip to this chain, interesting concept on food ordering and delivery.  Gluten  free selection was good.  Even our picky eater was happy.  Food was good also, all you can eat.  Also all you can drink...but not on the weekend."
60,Shabu Shabu, 3 stars ,2 years ago,"Not as good as it used to be. This restaurant, for me, was known for serving food of really good quality, and decent portioning, for a fair proce. Currently the prices have gone up, the portions have gotten smaller and the quality has gone …"
61,Shabu Shabu, 4 stars ,3 years ago,"Interesting all you can eat close to the Rembrandtplein, the portions of small dishes like kare and noodles work well with the turn based all you can eat concept, the rolls are interesting and the ambiance is casual. The service is very …"
62,Shabu Shabu, 5 stars ,3 years ago,Amazing all you can eat Japanese restaurant. Depending on the day you pay 26-29€ per person and can order food every 8 minutes. Each round of food is ordered on a tablet left at your table. Great friendly service and quality food.
63,Shabu Shabu, 5 stars ,2 years ago,"As much as I am usually skeptical about unlimited sushi, this restaurant was phenomenal. The sushi was of proficient quality, the meat was excellent and considering I ate a lot, 29€ was well worth it. I would definitely reccommend this restaurant if you want something which specializes in both quality and quantity"
64,Shabu Shabu, 3 stars ,2 years ago,"Had the all-you-can-eat lunch menu. It was ok for the price: big quantity but medium-low quality. The makis and uramakis were tasteless and the texture was not great. The salmon niguiris used the wrong parts of the fish, some were tough to chew."
65,Shabu Shabu, 1 star ,3 years ago,"I have been here many times before but it has been decreasing in quality, as the price increases. We got drinks with our glasses filled by 80%(40% of that was ice), every round we either, didnt got what we ordered or the waitress brought …"
66,Shabu Shabu, 1 star ,2 years ago,not really all you can eat..  you can only order 4 pieces of sushi per person every 10 min and have a seating limit of 2 hours.... imaging going to a restaurant starving and waiting for 4 small pieces of sushi every 10 min. …
67,Shabu Shabu, 1 star ,4 years ago,"Avoid this place, especially if you have food allergies. All the rolls have cream cheese in them, despite no mention of cheese on the menu (rolls that are only supposed to have a single type of filling, etc). When we asked the waiter about …"
68,Shabu Shabu, 5 stars ,4 years ago,"I really recommend Shabu Shabu Rembrandtplein for all ages. The restaurant was pretty much packed, but the food we ordered came fast especially sushi! The location is also great after a shopping spree in Amsterdam. Staff was friendly and …"
69,Shabu Shabu, 4 stars ,4 years ago,"Great service! Very fast, and very friendly. When you get seated, you'll be given a tablet from which you can make orders very quickly. Soon after you order, you'll get the food. The service is very snappy. The only exception in my case was …"
70,Shabu Shabu, 4 stars ,2 years ago,We can choose many food. That's why i many visited shabushabu. Not that great but many kind of food and reasonable food taste is i like here. Reall Japanese good sushi here can't find difficult. That's why i like here. Just normal and many choose food.
71,Shabu Shabu, 5 stars ,3 years ago,"WOW, WOW, WOW!!! Absolutely AMAZING!!! All you can eat where it is freshly made as you choose what you want from the menu!!! You get to choose 5 dishes from the menu every 8 minutes for a duration of 2 hours!!! There is a great selection …"
72,Shabu Shabu, 4 stars ,4 years ago,"Nice large place where you can sit without elbowing your neighbours while eating like in most other all you can eat sushi restaurants.
We had a very nice table with a view on the street and all the room around us we needed.  The food was good and service fast and friendly"
73,Shabu Shabu, 3 stars ,3 years ago,In the average for a Asian all you can eat in Amsterdam. I like they have iPad and not paper menu. However the quality of the food isn’t great and price are a bit too high. Service is great and stuff is super helpful. Avoid fried dishes as you may digest them in a month or two
74,Shabu Shabu, 2 stars ,3 years ago,"You order from a tablet which is great as you don't need to wait on the server. Once the server comes is when the problems come. Very ""robotic"" service. Not friendly or memorable at all. …"
75,Shabu Shabu, 2 stars ,3 years ago,"They serve frozen food here. That should tell you about their quality. The drinks are not inclusive, ridiculously expensive and they don't offer free tap water, which in my opinion every good restaurant should. I mean you could easily just …"
76,Shabu Shabu, 1 star ,4 years ago,"Rude staff. Small portions. Good food but expensive for the amount that you get, unless you can eat 10+ things in 2 hours. Water is extremely expensive because they don't have tap water. I got yelled at when I reached for my water bottle …"
77,Shabu Shabu, 5 stars ,3 years ago,"Good food, a lot of choices. Korean dishes are fun to try this way (all you can eat), but I love sushi more!
Overall nothing bad to say about this restaurant."
78,Shabu Shabu, 1 star ,2 years ago,Prices are high for what they serve to you.  The udon noodles I asked for were heated in the microwave and when I asked to change them they wanted to charge me more.  3 pieces of sushi for 4-6 euro is extremely expensive. Don't recomend this place.
79,Shabu Shabu, 3 stars ,3 years ago,"This an all you can eat joint, but there are rules and you have to pay attention really close to them. There is a tablet to make your order, 4 dishes every 10 minutes per diner. One tablet serves 5 people, so thatst 20 dishes per order. …"
80,Shabu Shabu, 1 star ,4 years ago,"We were recommended this all you can eat buffet during our stay in Amsterdam, so we decided to go to Shabu Shabu at lunch because it's 18€50 per person while it's 27€50 during dinner I believe. We could not be seated where we wanted to sit, …"
81,Shabu Shabu, 4 stars ,4 years ago,"The sushi is fine and they also have nice cocktails. However, it is quite expensive for a simple, not very high end, all you can eat sushi restaurant. Also there is no option for all you can drink, which is a shame since the drinks are very expensive."
82,Shabu Shabu, 1 star ,3 years ago,"This restaurant doesn’t even deserve a star. First of all the food was good, but I saw a rat running across the stairs while i was walking to my seat and i think 2 people of the staff had seen it too because they were terrified. I’ve never …"
83,Shabu Shabu, 5 stars ,3 years ago,16 vegean dishes. Excellent service. Very fast order. 18.50 eur per person for lunch. You have 2 hours to order. Ordering rounds are 4 dishes per person every 8 minutes. Very tasty food. I was stuffed at the end of my lunch.
84,Shabu Shabu, 4 stars ,3 years ago,"At lunch 18 euro for all you can eat, good quality for the cheap price. Is it The best japanese food ever? No, but once again, definitely worth the price. Service was super fast"
85,Shabu Shabu, 3 stars ,2 years ago,There is nothing Shabu Shabu about this place. No Japanese hot pot whatsoever. And the all you can eat claim is inaccurate. Can't be all you can eat if they impose an eight item limit every ten minutes. And a single Nigri is 'an item'. …
86,Shabu Shabu, 5 stars ,3 years ago,"There are certain rules you need to abide to, and we were hesitant initially, but the sushis came really fast, in a timely manner, and they were very tasty as well! Hope to come here again one day!"
87,Shabu Shabu, 5 stars ,2 years ago,Great all you can eat sushi place! Awesome menu and good price for what you get. Also lots and lots of dessert at the end! Yummy 😋
88,Shabu Shabu, 4 stars ,3 years ago,"Top class of sushi ""all you can eat"" mode. You can order your dishes by yourself with a tablet. The service it's very fast and accurate. Nice place in Amsterdam."
89,Shabu Shabu, 4 stars ,3 years ago,Very reasonable and affordable all you can eat Sushi and Asian food served to your table. Quality and taste was well above for this class of all you can eat restaurant. Recommended especially if you are into a Sushi and Sashimi...
90,Shabu Shabu, 3 stars ,2 years ago,I've been to many similar order-by-tablet-ayce places. 4 Nigiri every ten minutes was lowest ratio I've seen so far. Taste is okay for an ayce place.
91,Shabu Shabu, 4 stars ,5 years ago,"Its a busy place,  but i just love the food and the ambiance here!  I really enjoy eating there.  Sometimes food might take a while to get to your table but when i look around at the space they serve im amazed!  It's huge!!  Also i noticed they added some new things to the menu,  always a good thing!"
92,Shabu Shabu, 3 stars ,2 years ago,"Have had dinner at this restaurant, though there’s nothing particulary wrong at this restaurant; the staff is friendly, the location is perfect, the design nice and the food ofcourse is fine as well. …"
93,Shabu Shabu, 5 stars ,2 years ago,Brilliant service and awesome dishes. Plenty of choice and all really good choices. Worth every penny (euro). Will definitely be going again!
94,Shabu Shabu, 3 stars ,4 years ago,"I have been here several times. Price is a bit high. Was like 36 Euro per person with the drinks. Can't expect the food quality to be very high. Service is so so. In general, I want to try to go to all you can eat places as less as possible."
95,Shabu Shabu, 1 star ,4 years ago,"Usually I am not so picky with sushi. But this was really bad, I did not had high expectations. And the service was slow, table cleaning was not on point and waited for the first drink for at least 30 minutes. Would consider a Shabu Shabu in the Hague but this one at Rembrandt is very bad. Sorry"
96,Shabu Shabu, 4 stars ,2 years ago,"Great concept of ordering food with tablet. Delicious food. Friendly staff. If you want to try different Japanese dishes with reasonable price, this is the good choice."
97,Shabu Shabu, 3 stars ,5 years ago,"This place is ok, neither better nor worse than ok. It is Japenese food reduced to the most acceptable and bland state. In particular, the miso soup was quite nice, but the sushi and the sashimi were practically without any taste. Perhaps …"
98,Shabu Shabu, 3 stars ,4 years ago,"The food is tasty, but do not go here on the weekend. It is crazy busy and the service is slowed down to a crawl. We had to wait a long time between dishes and all the warm ones arrived almost cold."
99,Shabu Shabu, 5 stars ,2 years ago,"The food was delicious. Every flavour was distinct. Service was pretty darn fast, but didn't get any ginger. Overall, worth 5 stars"
100,Shabu Shabu, 2 stars ,5 years ago,"Location is great, food is fine for the AYCE concept. However, organisation is terrible. When it is busy or under staffed you will never get your full order fulfilled. And it takes a long take after ordering to get to your table. Which is …"
101,Shabu Shabu, 3 stars ,5 years ago,"Nice idea that you can order via tablet. It makes the whole experience very impersonal, however. It's an all you can eat fast food place, if you don't expect anything else, you should be fine."
102,Shabu Shabu, 1 star ,4 years ago,"The worst sushi ever. I think very bad quality, bad service and staff was extremely unkind. They didn't welcome us in a kind way, they forced us to order very quickly and the service was extremely slow. The price was also high and not well related to the quality of food."
103,Shabu Shabu, 2 stars ,5 years ago,"Super expensive for the quality and really restrictive compared to other ""all you can eat"" sushi restaurants. My experience was capped off with seeing a very confident mouse strolling around right next to my table. The staff informed me …"
104,Shabu Shabu, 4 stars ,3 years ago,"""All you can eat"" restaurant which gives you 2 hours to order what you want.
The service is quick and the dishes are ordered through tablets.
There's a good choice a different meals."
105,Shabu Shabu, 4 stars ,3 years ago,All you can eat sushi and Japanese food. You order 4 items of the menu every 10 minutes. All automated service through an iPad. Very fast service with good food for about €25.
106,Shabu Shabu, 4 stars ,3 years ago,Yea it's all you can eat for I think 2 hours? Maybe one and a half. The ordering is all done through the tablet at your table. The reason a star is off is because a fair number of their dishes are not correct e.g their katsu curry is labelled as tori Kari age but that's fairly minor
107,Shabu Shabu, 4 stars ,3 years ago,From speed of service to family friendliness which is hard to find in sushi places in Amsterdam Shabu Shabu excels. The quality and consistency of the food is fine but we go back because of the family friendly service.
108,Shabu Shabu, 3 stars ,4 years ago,"Lunch 17,80 euro.  Fish quality decent.  Too much rice, also was machine formed not by hand.  Service also ok, unpretentious unlike places where you're asked 10 times if everything is ok.  BIG COMPLAINT is I already read review saying tap …"
109,Shabu Shabu, 1 star ,3 years ago,"Very overpriced, food is decent but im sure you can find equally decent food somewhere better and cheaper. Drinks aren’t included, you cant even get tapwater, we had problems with the tablet they give you to order from as soon as we got it, …"
110,Shabu Shabu, 2 stars ,4 years ago,"It was mandatory to order a drink. Normally that would not be a problem however we had to order it before we could start our meal. Besides that the food smelled strange, but tasted okay. It was an awkward experience, won't be coming back here."
111,Shabu Shabu, 3 stars ,2 years ago,"It was okay, if you want an all you can sushi, there are better ones in Amsterdam.
It was a nice place to sit and had good service but the sushi itself wasnt mind blowing, it was, mediocre. Nothing I'd recommend anybody."
112,Shabu Shabu, 2 stars ,2 years ago,Very good sushi for a reasonable price. Sadly enough mice were walking all over the floor of the restaurant so we had to leave earlier.
113,Shabu Shabu, 5 stars ,3 years ago,Good food. Great service and great atmosphere!
114,Shabu Shabu, 5 stars ,2 years ago,Such great sushi for an all you can eat place. The staff is usually attentive and I like ordering on the tablets. Try the karage!
115,Shabu Shabu, 3 stars ,5 years ago,"It's called Shabu Shabu but they don't serve shabu shabu style food - just so you know. It's an ""all"" you can eat sushi place (for lunch we could order up to five rounds of five dishes per person per round -- we only made it to round 3 before we were full). The food was good and service fast."
116,Shabu Shabu, 5 stars ,5 years ago,"One of my favorite AYCE sushi restaurants in Amsterdam. Delicious sushi, fair prices, and lightning fast service. Especially high coolness factor due to the tablets they use, love it!"
117,Shabu Shabu, 2 stars ,4 years ago,"The good was really amazing. Really Nice restaurant but The service was awfull, we waited an hour to only get something we didn't even order. Total wait one hour and a half. Would not recommend!"
118,Shabu Shabu, 1 star ,2 years ago,"Ate here last week. Dirty tables and the staff was very inhospitable. Also, the portions are a lot smaller then it used to be. Bathrooms very dirty as well. Never going back to this establishment."
119,Shabu Shabu, 5 stars ,6 years ago,"Very good food with a reasonable price! The restaurant is huge probaly the biggest I ever seen, so I don't think there is any chance that you don't find a place, and they are a lot of different sushis. I would definitely go there again"
120,Shabu Shabu, 5 stars ,3 years ago,I tried once...but definitely I will come back ... I love the foods the presentation itself was so amazing... the taste of foods was so delicious I love it very well.. …
121,Shabu Shabu, 3 stars ,2 years ago,"Good food, fast service and quality was more than fine. Not tolhe most romantic place for a diner but overall more than fine. And lots of dishes!"
122,Shabu Shabu, 2 stars ,5 years ago,"We were a group of six, among which two only were having the all-you-can-eat menu. They moved us around multiple times and eventually split up because they didn't believe that the other four people wouldn't exchange food with the only two that were having the all-you-can-eat."
123,Shabu Shabu, 1 star ,2 years ago,"Not a great value for money. The menu consists of frozen and badly fried stuff
There are a lot nicer places to eat and enjoy your food"
124,Shabu Shabu, 2 stars ,3 years ago,You can order 4 items per person in 10 minutes. In half an hour you can get 12 nigiris at most. Great!
125,Shabu Shabu, 3 stars ,5 years ago,"It is what you can expect: decent food in large quantities. However, the variety of sushi and ramen is not very wide, but I enjoyed both times I have been here."
126,Shabu Shabu, 5 stars ,4 years ago,"The best place to spend your evening with your wife or family.

Very modern and good speed of service. …"
127,Shabu Shabu, 3 stars ,2 years ago,Good food and fast service. Few orders were missed though and caused long wait. A little confusing system if you opt for Ala Carte.
128,Shabu Shabu, 4 stars ,2 years ago,"Lunch menu is the best value for money. Dinner menu pricy. Very central and plenty of space, very good to get together with friends."
129,Shabu Shabu, 3 stars ,4 years ago,"Food is tasty, we choose 'eat everything', which means no limitations at all except that it has be to finished in two hours, besides there will be penalties if ordered dishes are not finished, which is a good way to reduce waste, so be aware of that, and there are fruits and ice creams, free to choose"
130,Shabu Shabu, 4 stars ,2 years ago,Great sushi and other Japanese style foods on the all you can eat menu. The staff is hard working and friendly.
131,Shabu Shabu, 5 stars ,4 years ago,I love the idea of getting a tablet programmed to take your order and the waiting staff are there to help out and bring the goods. The practise works well too. Quite upset there isn't a similar establishment in the uk
132,Shabu Shabu, 3 stars ,3 years ago,"Good food, only one dish (Ebi Tempura) tasted like cardboard.  The staff is a bit rude, but that's probably because there are a ton of tourists in the area."
133,Shabu Shabu, 5 stars ,4 years ago,Fast and friendly service. Insanely fast and friendly service. Insanely large variety of food. Such a cool Concept in restaurants and reasonably priced for all you can eat sushi
134,Shabu Shabu, 5 stars ,2 years ago,Best sushi in town. Fresh and beautifull.
135,Shabu Shabu, 2 stars ,5 years ago,"Service was poor: dishes we ordered not delivered, and grumpy response when we asked about it. At the final checkout there were drinks included that we had not received. Food was okay but not great."
136,Shabu Shabu, 4 stars ,2 years ago,"A good place to eat, not the best quality sushi but it's great and inexpensive. The miso soup, tonkatsu & gyoza are also worth trying."
137,Shabu Shabu, 5 stars ,3 years ago,"Very fine all-you-can-eat sushi and asian fusion restaurant. Good atmosphere, nice staff, great service. Recommended"
138,Shabu Shabu, 3 stars ,3 years ago,"The food was ok, nothing overly fresh or exciting. The novelty of ordering on an iPad wears off quickly. It felt like eating in a posh McDonald's"
139,Shabu Shabu, 3 stars ,3 years ago,It's ok. Can be expensive depending on your selection and eating habits. Also they force you to buy a drink. Not sure what happens if you refuse...
140,Shabu Shabu, 5 stars ,3 years ago,"Beste Shushi I have ever eaten and the ""All you can eat"" is very cheap für 18,50€ pp. Very nice- ich rate this 5/5 without thinking one moment"
141,Shabu Shabu, 1 star ,5 years ago,"Avoid this place. The food is tasteless. The service is horrible. Even when the place is completely empty, you will still have to wait about 1 hour on your food. Often this place is empty, so expect they will close if they don't improve soon."
142,Shabu Shabu, 2 stars ,4 years ago,"Food in comparison with other shabushabu restaurants very poor. Service was quick but not very friendly, we got moved to 4 different tables. I would not come here again."
143,Shabu Shabu, 5 stars ,5 years ago,All you can eat sushi! Definitely one of the better ones. Friendly stuff. A modern take for their ordering system through tablets on each table!
144,Shabu Shabu, 2 stars ,4 years ago,They choose to accept us (6 people) when it was already late and they put us an incredible rush beause the staff wanted to go home! (The manager was even saying that they don’t pay extra hours 😂) Never happend this in a restaurant! What a rats!!!!!
145,Shabu Shabu, 5 stars ,5 years ago,Got before 4pm for the best deal. Amazing get service and decent price
146,Shabu Shabu, 4 stars ,3 years ago,Very good system. You order 4 dishes every 10 mins. I was fine after 3 rounds.
147,Shabu Shabu, 4 stars ,3 years ago,"Food was good, service was fast. Staff did not want to serve us tap water, instead pushing 6 euro bottles of water. It was for meds..."
148,Shabu Shabu, 3 stars ,4 years ago,Food was amazing and a reasonable price for all you can eat. However they were understaffed and it was very noticeable in quality of service.
149,Shabu Shabu, 2 stars ,2 years ago,"The staff was not to friendly or interested, also the sushi wasn't tasty..  I would recommend to walk a bit further to KU in the utrechtse straat, that's what I call sushi!"
150,Shabu Shabu, 4 stars ,4 years ago,"Good deal for a good sushi quality but didn't like staff attitude, as we reach before half an hour of the closing time and we didn't receive any service we had to stand and bring our own dishes as well soya"
151,Shabu Shabu, 2 stars ,2 years ago,"A nice location with mediocre food WOULD NOT recommend.

Should have checked reviews before sitting down but I was hungry and it looked like a good idea."
152,Shabu Shabu, 4 stars ,2 years ago,"Good food, extravagant sushi and hot dishes selection, Special drinking choices (japanese Beer Iki and japanese Soda brand Calpis). Service was a bit inattentive..."
153,Shabu Shabu, 4 stars ,2 years ago,"Good quality ""all u can eat"" and very tasty. BUT they charge extra for everything (sweet sauce, sashimi,etc..) and its already expensive as it is."
154,Shabu Shabu, 4 stars ,3 years ago,All you can eat structure is pretty good and the food was great. Staff was very friendly and the location is top notch with good views of Rembrandtplein.
155,Shabu Shabu, 5 stars ,3 years ago,"Amazing food, super tastey drinks we need one in the UK! Good value for money, especially at lunchtime! <3"
156,Shabu Shabu, 4 stars ,5 years ago,All you can eat buffet with quality
157,Shabu Shabu, 3 stars ,4 years ago,"Quite good sushi all you can eat, with especially a good sushi part and less interesting warm dishes part. Good location and nice area!"
158,Shabu Shabu, 5 stars ,4 years ago,"Great food! Awesome service and reasonable priced, especially for the quality you are getting! Can recommend for all!"
159,Shabu Shabu, 2 stars ,4 years ago,Waited ages for the food. We ordered from the menu (no all you can eat) and got ignored for  an hour. After complain food was brought to us after seconds.
160,Shabu Shabu, 4 stars ,4 years ago,"The food is great, service can be lacking sometimes but overall I would definitely recommend it if you are a fan of all you can eat sushi"
161,Shabu Shabu, 1 star ,3 years ago,No information given about the allergens in the food. Very complicated for a gluten intolerant. Waiters were quite unpleasant.
162,Shabu Shabu, 4 stars ,4 years ago,Great all you can eat menu for a budget. Not fancy or highest of quality but price/performance is top notch
163,Shabu Shabu, 4 stars ,3 years ago,"Great food, a little crowded sometimes but other than that it's a great place to fill the sushi craving haha"
164,Shabu Shabu, 3 stars ,4 years ago,The food is ok. Don't expect to be amazed. We were there for Saturday lunch and service was good and fast.
165,Shabu Shabu, 3 stars ,3 years ago,If you think this is actual shabu shabu turn around !! There isn't a hot pot within Kms of this joint. The food isn't bad but not something you necessary want to seek out. :/ 🙄
166,Shabu Shabu, 4 stars ,2 years ago,The sushi here is great. A few exceptions included in the buffet were the miso soup and the ice cream that were both mediocre.
167,Shabu Shabu, 4 stars ,2 years ago,Great sushi food for a reasonable price. Lots of seating possible and spatious table layout.
168,Shabu Shabu, 1 star ,5 years ago,"Terrible and super slow service!!!
Guys...trust me you dont want to waste your well earned money of 30euro to this place @ Shabu Shabu Rembrandtplein.You just only walk out with frustration.
The only plus for this restaurant is the centralized location."
169,Shabu Shabu, 3 stars ,2 years ago,"I asked for a glass of tap water and they refused to give it to me. Saying that it is not possible. Food was decent, service decent."
170,Shabu Shabu, 5 stars ,3 years ago,"Very good sushi, all you can eat for a good price. I also enjoyed the miso soup and ramen in particular."
171,Shabu Shabu, 2 stars ,2 years ago,"Food was great, but she told us we had 2 hours, and after an hour she took away the tablet we ordered food on."
172,Shabu Shabu, 3 stars ,4 years ago,Quite basic menu with nice decorations but you can’t choose your seat anyway. Funny that it’s called shabushabu but they don’t provide shabushabu...
173,Shabu Shabu, 1 star ,2 years ago,Mice running through the restaurant. And the owner didnt care. He said post the review on Facebook and Google maps. Guess the money was more important than the service. 🙄
174,Shabu Shabu, 2 stars ,3 years ago,"The table, menu, soy bottle and tablet everything was sticky (before we started with dinner). Please clean you're tables. Food was OK."
175,Shabu Shabu, 3 stars ,5 years ago,"Just what you expect from an all-you-can-eat sushi place. ""OK"" food but nothing noteworthy, same can be had anywhere in town"
176,Shabu Shabu, 5 stars ,4 years ago,"Delicious food! Chicken was tasty and crunchy, so was vegetables. Awesome and kind service. Worth visiting!"
177,Shabu Shabu, 4 stars ,2 years ago,"all you can eat a la card -when dreams come true :) although the quality is ok-ish, still worth going there."
178,Shabu Shabu, 3 stars ,2 years ago,"Lovely restaurant, great food ... until a mouse came right under our table and well.. that was the end of our dinner..."
179,Shabu Shabu, 4 stars ,5 years ago,Great for and service. Make sure to order what you want to eat only! Very handy to order with a tablet
180,Shabu Shabu, 3 stars ,2 years ago,"The food was good, i just wish there were more vegan options"
181,Shabu Shabu, 5 stars ,2 years ago,Ordering using a tablet at your table. The taste is great. Would recommend.
182,Shabu Shabu, 4 stars ,4 years ago,"Consistently had a good experience in this restaurant. Food is tasty and seems fresh, service is quick."
183,Shabu Shabu, 5 stars ,3 years ago,"I highly recommend them. We go almost every month there. The food is great, the service is even better."
184,Shabu Shabu, 5 stars ,3 years ago,Loved this. Ordering from a tablet and it arrives in minutes
185,Shabu Shabu, 4 stars ,5 years ago,Nice sushi place. Has an open and spacious setting. All you can eat sushi and desert.
186,Shabu Shabu, 1 star ,5 years ago,"Bad quality sushi .. Sure it's all you can eat but why would you eat here

Just do yourself a favour and skip this one"
187,Shabu Shabu, 2 stars ,5 years ago,"Rude service, will not serve tap water even if you have a large food and drink bill. Food is okay but expensive."
188,Shabu Shabu, 4 stars ,3 years ago,"very nice food, but they should put people with children in a separate corner. crying babies ruin my appetite"
189,Shabu Shabu, 1 star ,3 years ago,"Sat down and ordered water. Water here is €6,45. This restaurant is not Shabu Shabu either. It's all just sushi."
190,Shabu Shabu, 5 stars ,4 years ago,"Took the open sushi offer, nice, clean, calm, good staff, delicious food, the deserts are better than the sushi :)."
191,Shabu Shabu, 4 stars ,2 years ago,"For all you can eat, Taste and choice better than sumo. Well of course expensive."
192,Shabu Shabu, 5 stars ,2 years ago,"Great ALL you can eat place! Special niguirisushis, unagui, salmon gunkan and octupus. Loved It!!"
193,Shabu Shabu, 1 star ,3 years ago,"Too bad. Poor service, bad food. A system that has tried to be modern but is pure control. Exaggerated prices. Never again."
194,Shabu Shabu, 4 stars ,2 years ago,"Good all u can eat sushi , not the best , bit commercial but for what you pay for its a good deal"
195,Shabu Shabu, 5 stars ,4 years ago,"Great food, good portions in the all you can eat and an unlimited desert bar."
196,Shabu Shabu, 4 stars ,2 years ago,Still nice food but they really need to upgrade the dessert station.
197,Shabu Shabu, 1 star ,5 years ago,"Plain horrible. Horrible slow service, horrible food, ultra busy. They closed the one in Heineken Plein which was quite decent. This is a one mistake and never again ever."
198,Shabu Shabu, 4 stars ,3 years ago,"Expensive but very nice food. You order on a tablet and they bring you your food, very modern."
199,Shabu Shabu, 4 stars ,3 years ago,"Great food.
Tablet menu.
I've cream (but it's so cold it's barely possible to get some)"
200,Shabu Shabu, 1 star ,2 years ago,not really all you can eat..  you can only order 4 pieces of sushi per person every 10 min and have a seating limit of 2 hours.... imaging going to a restaurant starving and waiting for 4 small pieces of sushi every 10 min. …
201,Shabu Shabu, 2 stars ,2 years ago,"Food was great, but she told us we had 2 hours, and after an hour she took away the tablet we ordered food on."
202,Shabu Shabu, 2 stars ,3 years ago,"They serve frozen food here. That should tell you about their quality. The drinks are not inclusive, ridiculously expensive and they don't offer free tap water, which in my opinion every good restaurant should. I mean you could easily just …"
203,Shabu Shabu, 5 stars ,4 years ago,"Great food, good portions in the all you can eat and an unlimited desert bar."
204,Shabu Shabu, 1 star ,5 years ago,"Terrible and super slow service!!!
Guys...trust me you dont want to waste your well earned money of 30euro to this place @ Shabu Shabu Rembrandtplein.You just only walk out with frustration.
The only plus for this restaurant is the centralized location."
205,Shabu Shabu, 3 stars ,5 years ago,"It's called Shabu Shabu but they don't serve shabu shabu style food - just so you know. It's an ""all"" you can eat sushi place (for lunch we could order up to five rounds of five dishes per person per round -- we only made it to round 3 before we were full). The food was good and service fast."
206,Shabu Shabu, 1 star ,2 years ago,Prices are high for what they serve to you.  The udon noodles I asked for were heated in the microwave and when I asked to change them they wanted to charge me more.  3 pieces of sushi for 4-6 euro is extremely expensive. Don't recomend this place.
207,Shabu Shabu, 3 stars ,4 years ago,Fast service and nice decor. Huge place but the food wasn't that great and a bit pricy
208,Shabu Shabu, 5 stars ,2 years ago,"Good vibe, amazing food and friendly staff!!"
209,Shabu Shabu, 1 star ,5 years ago,"Avoid this place. The food is tasteless. The service is horrible. Even when the place is completely empty, you will still have to wait about 1 hour on your food. Often this place is empty, so expect they will close if they don't improve soon."
210,Shabu Shabu, 5 stars ,2 years ago,I recommend every one to eat at shabu shabu  because the  food is good and nice.  Good customer service. 👍
211,Shabu Shabu, 3 stars ,4 years ago,Fast service and nice decor. Huge place but the food wasn't that great and a bit pricy
212,Shabu Shabu, 5 stars ,2 years ago,Shabu Shabu all you can eat .they use fresh material and good service
213,Shabu Shabu, 4 stars ,4 years ago,My favourite sushi chain. But in this restaurant they are slow with the service.
214,Shabu Shabu, 4 stars ,4 years ago,Great food and great service. The lunch price is also very accessible!
215,Shabu Shabu, 3 stars ,2 years ago,10 minute gap between orders doesn't  work well if you are eating alone and dont want to hang around.
216,Shabu Shabu, 5 stars ,2 years ago,Pretty awesome. Really enjoyed the food quality and the choice variety 👌
217,Shabu Shabu, 5 stars ,2 years ago,"If you like sushis, great all you can eat!"
218,Shabu Shabu, 4 stars ,2 years ago,"Very nice food, a bit unpersonal staff"
219,Shabu Shabu, 4 stars ,4 years ago,"Waiters were kind, fish is fresh, good food in general."
220,Shabu Shabu, 4 stars ,4 years ago,"Good food, nice employees, what else you want? Prices ok too."
221,Shabu Shabu, 5 stars ,3 years ago,Excellent food. Super price. Nice atmosphere.
222,Shabu Shabu, 2 stars ,4 years ago,Only all-you-can-eat option. The sushi was not very good.
223,Shabu Shabu, 4 stars ,4 years ago,Very yummy all you can eat sushi buffet!
224,Shabu Shabu, 1 star ,2 years ago,My GF hated it .. good food very bad service
225,Shabu Shabu, 5 stars ,2 years ago,The food is so good I always hate myself after because I can't stop eating
226,Shabu Shabu, 5 stars ,5 years ago,"Great service and great food 💕💕💕 It wasn't that long like others have said.
Love xx 😋"
227,Shabu Shabu, 3 stars ,2 years ago,"They put cream in the sushi so you fill up faster, not that great"
228,Shabu Shabu, 3 stars ,2 years ago,very nice place. but food wasnt as tasty as expected.
229,Shabu Shabu, 4 stars ,2 years ago,Fish quality is good
230,Shabu Shabu, 2 stars ,3 years ago,"They need more waiters, when the place is full the orders get late easily"
231,Shabu Shabu, 5 stars ,6 years ago,"Great menu, friendly and very fast service, nice atmosphere"
232,Shabu Shabu, 5 stars ,3 years ago,Incredible food and service. Very delicious and tasty dishes
233,Shabu Shabu, 5 stars ,3 years ago,"Decent food, good location and service. Many options for vegetarians"
234,Shabu Shabu, 3 stars ,2 years ago,it was cold and windy place. not all we ordered we got in the end.
235,Shabu Shabu, 1 star ,6 years ago,Terrible service sat for 20 minutes before anyone came to our table. Food is just ok.
236,Shabu Shabu, 5 stars ,4 years ago,"So good! I like the system, the food, even the price is not too high."
237,Shabu Shabu, 4 stars ,2 years ago,"Good place to eat sushi,  luckily also some meet"
238,Shabu Shabu, 4 stars ,2 years ago,"Great food, fast service, sadly no fries."
239,Shabu Shabu, 4 stars ,3 years ago,Really nice lunch menu with cool tablet to order on demand
240,Shabu Shabu, 4 stars ,2 years ago,Nice sushi and really a smart way to order on an iPad 😁
241,Shabu Shabu, 1 star ,4 years ago,Slow and unattentive service. Asked 6 times for something that I ordered and it was never served. Chaos.
242,Shabu Shabu, 3 stars ,4 years ago,"When you plan to eat here on a busy evening, accept a very slow service and even cold dishes that should have been warm"
243,Shabu Shabu, 4 stars ,2 years ago,One of the Best and Fastest sushi place in Amsterdam
244,Shabu Shabu, 5 stars ,3 years ago,"Fast service, Good quality food and a beautiful place to have dinner at."
245,Shabu Shabu, 5 stars ,4 years ago,Best place to eat and verry friendly girl from bulgaria behind the bar she is the best of Shabu Shabu.
246,Shabu Shabu, 4 stars ,4 years ago,A good sushi place. Consistent good quality and service.
247,Shabu Shabu, 5 stars ,2 years ago,Definetly a place to visit IF you want to try the real deal when it comes to pizzas
248,Shabu Shabu, 3 stars ,3 years ago,"Food was alright, small tables. Price quality wise, so so."
249,Shabu Shabu, 5 stars ,3 years ago,"Very good food! Service was very fast and efficient,"
250,Shabu Shabu, 4 stars ,3 years ago,It was OK. I've had better and I've had worse but good value for money.
251,Shabu Shabu, 4 stars ,5 years ago,"Tasty food, easy ordering with the iPad, not too expensive!"
252,Shabu Shabu, 5 stars ,5 years ago,Lovely and fast! Friendly staff and the food was delicious!
253,Shabu Shabu, 3 stars ,3 years ago,"Decent sushi, good selection of different things."
254,Shabu Shabu, 5 stars ,3 years ago,"Friendly staff, good food and affordable prices."
255,Shabu Shabu, 3 stars ,4 years ago,"Food is nice ... Staff : sometimes I'm lucky, sometimes I'm not  ..."
256,Shabu Shabu, 2 stars ,2 years ago,Food taste not good .. service is weak and slow
257,Shabu Shabu, 5 stars ,4 years ago,Love the sushi here! Way better than sumo
258,Shabu Shabu, 5 stars ,3 years ago,"Great experience, and the sushi is amazing ❤️"
259,Shabu Shabu, 5 stars ,2 years ago,Amazing all you can eat
260,Shabu Shabu, 4 stars ,3 years ago,"Expensive but very nice food. You order on a tablet and they bring you your food, very modern."
261,Shabu Shabu, 4 stars ,4 years ago,My favourite sushi chain. But in this restaurant they are slow with the service.
262,Shabu Shabu, 5 stars ,3 years ago,Best sushi place ever visited!
263,Shabu Shabu, 5 stars ,6 years ago,"Great menu, friendly and very fast service, nice atmosphere"
264,Shabu Shabu, 4 stars ,3 years ago,"Big and central located, good food, worth paying a visit."
265,Shabu Shabu, 5 stars ,3 years ago,"Decent food, good location and service. Many options for vegetarians"
266,Shabu Shabu, 5 stars ,4 years ago,"So good! I like the system, the food, even the price is not too high."
267,Shabu Shabu, 5 stars ,4 years ago,Omg the sushi was top quality with a good amount.
268,Shabu Shabu, 5 stars ,3 years ago,"Our favorite place
One of the best restaurant in Amsterdam"
269,Shabu Shabu, 5 stars ,4 years ago,Best place to eat and verry friendly girl from bulgaria behind the bar she is the best of Shabu Shabu.
270,Shabu Shabu, 4 stars ,5 years ago,Prima all you can eat sushi.
271,Shabu Shabu, 5 stars ,2 years ago,"Good vibe, amazing food and friendly staff!!"
272,Shabu Shabu, 5 stars ,3 years ago,All you can eat Asian restaurant in Amsterdam
273,Shabu Shabu, 5 stars ,3 years ago,"Our favorite place
One of the best restaurant in Amsterdam"
274,Shabu Shabu, 5 stars ,3 years ago,Tasted great! Not too expensive.
275,Shabu Shabu, 5 stars ,4 years ago,Omg the sushi was top quality with a good amount.
276,Shabu Shabu, 5 stars ,3 years ago,Its really calm and soothing here with some great food.
277,Shabu Shabu, 5 stars ,3 years ago,Fresh efficient and extremely DELICIOUS. You won't be disappointed
278,Shabu Shabu, 4 stars ,3 years ago,"Big and central located, good food, worth paying a visit."
279,Shabu Shabu, 4 stars ,2 years ago,Great place to eat and friendly personnel.
280,Shabu Shabu, 4 stars ,3 years ago,"Fast service, good selection of food."
281,Shabu Shabu, 4 stars ,4 years ago,Lovely sushi and excellent service
282,Shabu Shabu, 3 stars ,3 years ago,A little bit expensive for the quality of the food.
283,Shabu Shabu, 3 stars ,5 years ago,Some days are good some are bad but unlimited icecream bar
284,Shabu Shabu, 4 stars ,2 years ago,Eat all you can very fine!
285,Shabu Shabu, 1 star ,3 years ago,Why call the place Shabu Shabu if you don’t offer it on the menu??
286,Shabu Shabu, 4 stars ,3 years ago,All you can heat with good quality food
287,Shabu Shabu, 5 stars ,3 years ago,Good food and very fast service.
288,Shabu Shabu, 5 stars ,2 years ago,"god atmosphere snd food, you have to go hungry"
289,Shabu Shabu, 1 star ,5 years ago,Food is fine but the customer service is horrible
290,Shabu Shabu, 1 star ,3 years ago,This place is a sushi cantine with huge prices.
291,Shabu Shabu, 5 stars ,3 years ago,Very good food and quick service
292,Shabu Shabu, 5 stars ,3 years ago,Excellent value for money in the heart of amsterdam
293,Shabu Shabu, 4 stars ,3 years ago,Good food👍👍👍nice staff!
294,Shabu Shabu, 5 stars ,2 years ago,Awesome sushi place in Amsterdam
295,Shabu Shabu, 1 star ,3 years ago,Very poor service and the food was cold.
296,Shabu Shabu, 1 star ,4 years ago,"Made both my wife and I very very sick.
Avoid"
297,Shabu Shabu, 4 stars ,3 years ago,All you can eat
298,Shabu Shabu, 5 stars ,2 years ago,"Good food, fast service"
299,Shabu Shabu, 5 stars ,3 years ago,Absolutely great food!
300,Shabu Shabu, 5 stars ,2 years ago,Good service. Tasty food.
301,Shabu Shabu, 5 stars ,5 years ago,Very nice. Good food.
302,Shabu Shabu, 5 stars ,3 years ago,Nice restaurant good food and good service
303,Shabu Shabu, 5 stars ,5 years ago,"Excellent Food, nice service"
304,Shabu Shabu, 5 stars ,3 years ago,"Amazing, the food is so good"
305,Shabu Shabu, 3 stars ,4 years ago,The food is o.k. the service is not.
306,Shabu Shabu, 1 star ,2 years ago,Really lousy and disappointed. No star
307,Shabu Shabu, 5 stars ,5 years ago,One of the best restaurants in Amsterdam
308,Shabu Shabu, 5 stars ,3 years ago,"Best culinary experience of my life! Sushi and Grill buffet. Wow! I thought it was only Sushi, but there was so much more to choose from. It was absolutely amazing! And to end it off they had a dessert buffet as well!"
309,Shabu Shabu, 4 stars ,2 years ago,Very nice place and quick service
310,Shabu Shabu, 5 stars ,2 years ago,Good food
311,Shabu Shabu, 4 stars ,3 years ago,"Good food, relatively expensive"
312,Shabu Shabu, 5 stars ,5 years ago,Super food's ☝🏼️top location and service !👍🏼
313,Shabu Shabu, 1 star ,6 years ago,Bad restaurant wouldn't recommend it
314,Shabu Shabu, 5 stars ,3 years ago,Fast service - tasty food
315,Shabu Shabu, 4 stars ,3 years ago,good sushi good meat
316,Shabu Shabu, 5 stars ,4 years ago,Very good
317,Shabu Shabu, 2 stars ,4 years ago,Food not as fresh as expected
318,Shabu Shabu, 5 stars ,2 years ago,Everything is very good 😊
319,Shabu Shabu, 3 stars ,3 years ago,Its ok !
320,Shabu Shabu, 5 stars ,3 years ago,Nice restaurant and nice service
321,Shabu Shabu, 4 stars ,2 years ago,Very tasty food
322,Shabu Shabu, 2 stars ,3 years ago,Lunch is too greasy.
323,Shabu Shabu, 5 stars ,3 years ago,Delish!
324,Shabu Shabu, 1 star ,4 years ago,too awful
325,Shabu Shabu, 2 stars ,5 years ago,Not good
326,Shabu Shabu, 4 stars ,4 years ago,Great food. Food service.
327,Shabu Shabu, 5 stars ,3 years ago,Super top.... restaurant...😍😍😍😘
328,Shabu Shabu, 4 stars ,3 years ago,Great!
329,Shabu Shabu, 5 stars ,3 years ago,Great value and service
330,Shabu Shabu, 4 stars ,5 years ago,Tasty shop. Slow service
331,Shabu Shabu, 3 stars ,3 years ago,All in all ok experience.
332,Shabu Shabu, 5 stars ,3 years ago,The food was fantastic
333,Shabu Shabu, 5 stars ,4 years ago,awesome food and service
334,Shabu Shabu, 5 stars ,4 years ago,Great sushi!
335,Shabu Shabu, 1 star ,3 years ago,No dogs allowed....
336,Shabu Shabu, 5 stars ,3 years ago,Best sushi place ever visited!
337,Shabu Shabu, 4 stars ,4 years ago,Nice !
338,Shabu Shabu, 2 stars ,4 years ago,Not the best shusi.
339,Shabu Shabu, 2 stars ,2 years ago,Poor taste sushi
340,Shabu Shabu, 5 stars ,3 years ago,Delicious
341,Shabu Shabu, 5 stars ,3 years ago,Fantastic
342,Shabu Shabu, 4 stars ,3 years ago,Cool
343,Shabu Shabu, 5 stars ,5 years ago,Delicious
344,Shabu Shabu, 5 stars ,2 years ago,love this place!!
345,Shabu Shabu, 4 stars ,5 years ago,good
346,Shabu Shabu, 5 stars ,3 years ago,Great food
347,Shabu Shabu, 3 stars ,4 years ago,"Food is okay. Not amazing, certainly not bad. Not too crazy about the interior, but that's just me."
348,Shabu Shabu, 5 stars ,2 years ago,Delicious!
349,Shabu Shabu, 5 stars ,3 years ago,Very good!!!!
350,Shabu Shabu, 4 stars ,2 years ago,Little expensive
351,Shabu Shabu, 5 stars ,3 years ago,Excellent !!
352,Shabu Shabu, 5 stars ,3 years ago,FAST!!!Food.....
353,Shabu Shabu, 5 stars ,3 years ago,Outstanding!!!
354,Shabu Shabu, 5 stars ,2 years ago,Super .....
355,Shabu Shabu, 3 stars ,2 years ago,"(Translated by Google) There were Korean foods and Japanese people could enjoy. Shops that offer a lot from lunchtime are rare in All You Can Eat, so that alone is the reason to choose here. …"
356,Shabu Shabu, 4 stars ,4 years ago,(Translated by Google) Sushi was delicious and we were really full. Unfortunately we did not get any ginger that actually belongs to sushi. The price of 28.90 € without drinks is reasonable because you can eat as much as you like for 2 …
357,Shabu Shabu, 4 stars ,2 years ago,"(Translated by Google) No visit to Amsterdam without dinner at ShabuShabu.
Delicious and good sushi, 2 hours all you can eat. Order via tablet. …"
358,Shabu Shabu, 5 stars ,2 years ago,"(Translated by Google) Delicious all you can eat restaurant with Japanese food! Ordered via a tablet, the service is fast and courteous. The map is also available in English. The food is delicious and fresh. The all you can eat costs at …"
359,Shabu Shabu, 4 stars ,2 years ago,"(Translated by Google) Prior to a show in the Kleine Komedie we came to eat here because: sushi is always good! And indeed, again very tasty and eaten a lot. At a certain point it became quieter and the ladies didn't seem to have much to …"
360,Shabu Shabu, 5 stars ,2 years ago,"(Translated by Google) Delicious eaten and many different kinds of sushi dishes. cozy atmosphere, sushi was always brought quickly. I definitely want to eat again. …"
361,Shabu Shabu, 1 star ,3 years ago,(Translated by Google) THE WORST SUSHI OF MY LIFE: I ended up in this all you can eat restaurant with my girlfriend by chance during the gay pride because the parade blocked all the streets and it was difficult to find a place where it was …
362,Shabu Shabu, 4 stars ,a year ago,"(Translated by Google) One of the best Asian restaurants I have been to, good food is cooked to order.
As for the quality of service remains to be reviewed, a lot of forgetting, order …"
363,Shabu Shabu, 5 stars ,3 years ago,"(Translated by Google) Very good value for money, well decorated place and very fast service, they give you a tablet where you order, I chose the option to eat all you want for € 18.50 per person, you order by rounds, the only requirement …"
364,Shabu Shabu, 4 stars ,2 years ago,"(Translated by Google) Good choice of food at will, fast and interactive order via a tablet. Fresh produce and well cooked rice. Only downside, you have to wait 10 minutes between each order. It was a beautiful discovery. …"
365,Shabu Shabu, 4 stars ,3 years ago,"(Translated by Google) We went to see the statues on Rembrandt Square. When the weather was ice, we wanted to warm up and feed our stomach. Incidentally, this is the place we found on the square. Highly recommend for Chinese, Korean, …"
366,Shabu Shabu, 4 stars ,2 years ago,"(Translated by Google) Smooth, fast service. Also delicious vega sushi! Down a little chill .. Better up next time. …"
367,Shabu Shabu, 5 stars ,4 years ago,"(Translated by Google) ""5 course"" sushi at its best! Spacious with space, quick operation, quick orders mlm every dish! There is no better sushi food! Lots to choose from 😋😋😍 …"
368,Shabu Shabu, 5 stars ,2 years ago,"(Translated by Google) Delicious eaten .... All you eat formula ...

(Original) …"
369,Shabu Shabu, 5 stars ,4 years ago,"(Translated by Google) Delicious sushi, very fast service and downstairs you are a lot quieter (recommended). Drink strongly at the price. …"
370,Shabu Shabu, 2 stars ,4 years ago,"(Translated by Google) High prices
There are many more things to add money …"
371,Shabu Shabu, 5 stars ,5 years ago,(Translated by Google) Delicious sushi and very fast service and ordering was very easy with the tablet. …
372,Shabu Shabu, 4 stars ,2 years ago,"(Translated by Google) A good Japanese restaurant, unconventional. You have 2 hours for dinner, a tablet to order, 4 plates (small) per person, and once ordered, you have to wait 10 minutes to order again. The dishes arrive very quickly …"
373,Shabu Shabu, 5 stars ,2 years ago,"(Translated by Google) Great sushi good value for money. I also liked the ordering system, all online via tablet. The all you can taste buffet for lunch lasts 2 hours and can be ordered every 10 minutes. …"
374,Shabu Shabu, 4 stars ,2 years ago,"(Translated by Google) I recommend visiting with arms and legs. Very tasty. We went to Amsterdam for Christmas, so the price is slightly higher than on a normal day - 38 € per person. Great choice: sushi, rolls, salads, soups, meat yum yum. …"
375,Shabu Shabu, 3 stars ,2 years ago,"(Translated by Google) Sushi always great. Location very large.

(Original) …"
376,Shabu Shabu, 3 stars ,2 years ago,"(Translated by Google) The place looks good. All you can eat from 29.80 euros with a maximum order of 4 dishes every 10 minutes and with a maximum time of just under 2 hours. The pieces, however, are single for each portion except for …"
377,Shabu Shabu, 1 star ,3 years ago,"(Translated by Google) The food is not good at all and it is not fresh. During my visit with my friends we saw a mouse walking through the restaurant. The manager is annoying and slow to bring the bill. The waiters, on the other hand, are …"
378,Shabu Shabu, 1 star ,2 years ago,(Translated by Google) Had dinner here yesterday with 8 men for a birthday. After almost 45 minutes at the table we finally received our drinks after repeatedly asking. The food was already on the table and some of the things that should …
379,Shabu Shabu, 4 stars ,3 years ago,(Translated by Google) Reserved at half past eight and something for half past eight. Immediately collected in the lounge and received a spot within 1 minute. Food often came within a few minutes after ordering and had a good quality. It is …
380,Shabu Shabu, 3 stars ,2 years ago,"(Translated by Google) The sushi (I only tried the vegetarian) was good, the other food rather mediocre. Downstairs it was quite crowded, the 2er tables are close to each other and for a reason that I have not quite understood we were not …"
381,Shabu Shabu, 2 stars ,2 years ago,(Translated by Google) Most dishes were cold or not cooked. Location is fine and decor too. Staff is friendly only most speak no Dutch. …
382,Shabu Shabu, 3 stars ,3 years ago,"(Translated by Google) Staff are very friendly and come to your table quickly if you wish something. If you have made a choice via the tablet, it is usually at the table within one minute, so that you have the feeling that you have to leave …"
383,Shabu Shabu, 4 stars ,3 years ago,"(Translated by Google) As a regular customer I like to come to shabu shabu and as always I am very satisfied.
Price quality is really okay and since the new menu it is really recommended. …"
384,Shabu Shabu, 5 stars ,3 years ago,(Translated by Google) I eat here regularly. What a top service from both the waiters and managers. Always a nice experience and also a very cozy and atmospheric restaurant. The food is of very good quality. Friendly assistant …
385,Shabu Shabu, 4 stars ,2 years ago,"(Translated by Google) Called half an hour before arrival or there was room for 16 people and luckily we could go there.
It is a beautiful restaurant with a nice ambiance and the food is also very …"
386,Shabu Shabu, 5 stars ,3 years ago,"(Translated by Google) Have been to many sushi restaurants, this is one of the highlights!
You are not close together, lots of space. Wide choice of dishes. …"
387,Shabu Shabu, 3 stars ,2 years ago,"(Translated by Google) It's fine for once but a little expensive for the quality they offer. The sushi was not bad.
The very poor dessert. …"
388,Shabu Shabu, 2 stars ,2 years ago,"(Translated by Google) Sushi just wasn't tasty. Also fell apart before you could pick it up ...
Furthermore, a lot of comments on the map that you could not order for all kinds …"
389,Shabu Shabu, 1 star ,3 years ago,"(Translated by Google) How bad this was.
- price quality poor
- hot dishes like udon noodles/ salmon were cold. …"
390,Shabu Shabu, 2 stars ,2 years ago,(Translated by Google) You need to do it for the ambiance. Feeding shed position is on. The sushi is also not really good and is bursting with sweet sauces and cream cheese. Always a great way to mask the inferior quality. Service is …
391,Shabu Shabu, 5 stars ,5 years ago,"(Translated by Google) Fantastic sushi, great ""service"" via the tablet.

(Original) …"
392,Shabu Shabu, 4 stars ,2 years ago,"(Translated by Google) The four of us arrived in the middle of the bustle, were well guided at the table by the young man who stood downstairs. We only had 1 hour left to order, first we had some doubts about how quickly we had to order and …"
393,Shabu Shabu, 1 star ,3 years ago,(Translated by Google) That was once and never again unfortunately. Had a reservation for 7:00 pm we were right on time then we were allowed to wait 15min at the reception .. then another 20min wait at the bar to clean our table. After that …
394,Shabu Shabu, 5 stars ,4 years ago,"(Translated by Google) Excellent all you can eat. Really vast and well-stocked menu. Quality of the dishes good, excellent if compared to the price (28-29 € in the evening, 21 € for lunch). Ordered with the tablet, maximum 5 courses per …"
395,Shabu Shabu, 1 star ,3 years ago,"(Translated by Google) Had I eaten here before and it was good, fast and enjoyable. …"
396,Shabu Shabu, 5 stars ,4 years ago,"(Translated by Google) One of the best sushi restaurant I have eaten so far. The table was neatly clean and the food was good. The service was very friendly and took the time to answer some questions about the dishes. As usual, I had a bad …"
397,Shabu Shabu, 5 stars ,3 years ago,"(Translated by Google) The best establishment! Very strange rules, but the food is delicious and you can try everything. We left here, barely dragging our feet. )) …"
398,Shabu Shabu, 4 stars ,2 years ago,"(Translated by Google) Good restaurant. The service is great and the food is tasty too. A pity about the desserts. The ice creams seem to be mixed with water, so it lacks some flavor. But otherwise all the food is great. You get it quickly …"
399,Shabu Shabu, 1 star ,3 years ago,(Translated by Google) Bad! Had to wait more than half an hour for our drinks to arrive. (1st round food was already finished) Sushi was not tasty and the hot dishes bland. One of the employees made a stupid comment and we were already done …
400,Shabu Shabu, 5 stars ,4 years ago,(Translated by Google) Lots of choice. All you can taste for a low price. Easy ordering via a tablet. …
401,Shabu Shabu, 2 stars ,4 years ago,"(Translated by Google) Most dishes ok. But some fried dishes that were supposed to be crunchy were certainly not and also tasteless. We also had to wait 2 times 30 minutes for our dishes and that is very long if you ""only"" have 2 hours. We …"
402,Shabu Shabu, 3 stars ,2 years ago,"(Translated by Google) You can customize the food you want to eat.
However, the food is a bit sweet and the soup is very small and the ramen soup is not recommended. …"
403,Shabu Shabu, 4 stars ,3 years ago,(Translated by Google) The tables are a bit too small. The toilets are little bit far. There was not much variety. Food was fine. Drink was good too. Half price for kids. Clearing is fast operation is within 10 minutes. We will definitely …
404,Shabu Shabu, 2 stars ,4 years ago,(Translated by Google) Nice shushi tent eye spacious and neat! Compared to other shushi restaurants it lacks some atmosphere in my opinion. Tides are served quickly TOP! …
405,Shabu Shabu, 1 star ,3 years ago,"(Translated by Google) Avoid at all times. This was a very disappointing 'All you can eat' experience. We had an hour and a half to eat yesterday before our movie started. After about 45 minutes there was a malfunction in the I-pad system, …"
406,Shabu Shabu, 4 stars ,6 years ago,(Translated by Google) Sushi all you can eat of reasonable quality. The formula allows you to really eat your fill. Interesting and particular the way of ordering through a tablet. The pieces arrive very quickly. Ice creams can be taken at …
407,Shabu Shabu, 3 stars ,5 years ago,(Translated by Google) Everything goes through a Tablet really everything. You want to order another drink via the tab you want to pay through the tab. Call me old-fashioned but I find it very impersonal. You have 2 hours to eat as much as …
408,Shabu Shabu, 1 star ,3 years ago,"(Translated by Google) Become more soggy fast food than tasty sushi. Sour sticky rice, salmon that you can already taste is not fresh (extreme fish taste ??). Meat dishes such as duck contain so much sauce that you don't even taste the …"
409,Shabu Shabu, 5 stars ,4 years ago,(Translated by Google) Beautiful and spacious. The restaurant has a modern tablet order fulfillment system. I advise making reservations. …
410,Shabu Shabu, 5 stars ,2 years ago,"(Translated by Google) When I first came in here, I was immediately kindly helped by two ladies. They explained everything calmly and led me straight to the table. I then ate delicious food for two hours! It is well worth the 5 stars and I …"
411,Shabu Shabu, 4 stars ,2 years ago,"(Translated by Google) A large number of Japanese food menus + sushi menus
It tastes different from what I used to eat in Korea, but it was delicious. Sushi was mostly good. …"
412,Shabu Shabu, 1 star ,5 years ago,(Translated by Google) Went out to dinner with my girlfriend. We were assigned a table close to the entrance. It became so busy that there was a queue next to our table. We could not eat at ease because there were people standing next to …
413,Shabu Shabu, 2 stars ,4 years ago,"(Translated by Google) Interesting location. Price a little above average. Not particularly interesting dishes. The staff a little cold, they interact little. Nice to use tablet x order. Some dishes have a surcharge, I find it unjustified. …"
414,Shabu Shabu, 1 star ,4 years ago,"(Translated by Google) if not tasty, my California maki really few eggs. sushis are much smaller and really barely filled. really a pity, tea is nice but that is from pickwick lol .... salmon has a strange aftertaste really not so tasteful …"
415,Shabu Shabu, 3 stars ,3 years ago,"(Translated by Google) The food was fine! Some grill dishes are even extraordinarily good! Unfortunately it was a bit busy on Saturday evening so we had to write down our order on a piece of paper instead of iPad. However, that did not …"
416,Shabu Shabu, 1 star ,3 years ago,"(Translated by Google) If I could give zero ... The fish doesn't taste like fish, the tempura was floury, all you can eat with many pieces, including sashimi, for an extra fee ... We often eat sushi, but this is really an affront to the …"
417,Shabu Shabu, 5 stars ,3 years ago,"(Translated by Google) AYCE for 2 hours: Large selection of sushi but also other dishes. You can select eight things every 10 minutes via the tablet, these will be brought to the table shortly. …"
418,Shabu Shabu, 1 star ,3 years ago,(Translated by Google) Very bad. The waiters had to run so fast that magazines of liquor regularly flew through the air. Food was bad. Hot dishes cold. Ice cream buffet was rancid. …
419,Shabu Shabu, 4 stars ,4 years ago,"(Translated by Google) Tasty sushi and relaxing that you can choose everything from the menu. However, the new nori is of poor quality (very fishy) and as a vegetative you have less and less choice. As a vegetarian, I wonder if I am not …"
420,Shabu Shabu, 5 stars ,3 years ago,"(Translated by Google) Top restaurant. Very varied food offers. The products are of top quality. I've never eaten so delicious Asian. We have a similar concept with okinii but it is not as good as ShabuShabu in terms of size. 2 hours, every …"
421,Shabu Shabu, 1 star ,6 years ago,"(Translated by Google) The service in this restaurant is very poor. You can eat for 2 hours and you have to order via a tablet on the table, but after I had waited half an hour I asked where my food was, I got a vague answer and the …"
422,Shabu Shabu, 5 stars ,3 years ago,"(Translated by Google) We are from Madrid, we went around the center and decided to enter, we did not speak English, so under a girl who spoke Spanish and very kindly explained everything! All exquisite and fast service, of drinks we …"
423,Shabu Shabu, 4 stars ,3 years ago,"(Translated by Google) Sushi is very tasty, concept cool, a little expensive but worth the money …"
424,Shabu Shabu, 2 stars ,4 years ago,"(Translated by Google) Had to wait very long for the food to arrive. The first round had lasted at least 45 minutes, so we only ordered the second round. It came even before the first round. Hot dishes were therefore also cold, very …"
425,Shabu Shabu, 1 star ,3 years ago,"(Translated by Google) Long wait. Eaten twice now. After both times I had a lot of pain in my stomach. Everyone I had dinner with had a stomach problem at the time. Ministries don't talk to you. Had wrong orders. All in all, a bad …"
426,Shabu Shabu, 1 star ,3 years ago,"(Translated by Google) Worst Sushi in Amsterdam

If you're craving cold, tasteless dishes thrown at your table by disinterested …"
427,Shabu Shabu, 5 stars ,4 years ago,"(Translated by Google) Tasty sushi, beautiful and attractively decorated Japanese restaurant. The waiters are polite and run their lungs to provide the visitors with the excessive amount of food. …"
428,Shabu Shabu, 2 stars ,4 years ago,"(Translated by Google) Had lunch last week. Food is fine, but the service is a bit of a disappointment. The host boy is friendly but does not speak neatly (smooth this smooth). I had to ask 4x for a simple lemon wedge but this only came the …"
429,Shabu Shabu, 5 stars ,3 years ago,(Translated by Google) Tasty good fresh sushi with friendly service we were on the Rembrandtplein and there were two of us with a drink menu and were already ready for 65 euros. …
430,Shabu Shabu, 1 star ,4 years ago,(Translated by Google) We always go to sumo and thought to try this masr not worth repeating. Staff do not understand Dutch. We arrived at 2:45 pm for late lunch but couldn't. Had to order something about 3and dinner. That's done. They were …
431,Shabu Shabu, 4 stars ,4 years ago,"(Translated by Google) My first experience with Sushi! Worth repeating, nice tent & people. Would have expected more dessert options (including ice cream flavors) and fresh juice on the menu. The wait staff did not know what an 'orange …"
432,Shabu Shabu, 3 stars ,3 years ago,(Translated by Google) Delicious. Over 2 hours all-you-can-eat with 2 rules: 4 things per person can be ordered every 8 minutes & approx. 30% of the card costs an additional surcharge. We are well fed. Quality was good. Disadvantage: the …
433,Shabu Shabu, 5 stars ,2 years ago,"(Translated by Google) Despite the crowds, good food was served, the right orders arrived at the right time. In addition, ordering via the tablet was well explained. The food was very tasty, we enjoyed it and the staff were friendly. …"
434,Shabu Shabu, 3 stars ,2 years ago,(Translated by Google) It's fine for a special occasion. As for quality price ... I would say that the menu is a little price and it would be good if for lunch it also included dessert and not only for dinner. …
435,Shabu Shabu, 5 stars ,2 years ago,"(Translated by Google) Sushi was delicious again. Always enjoy this sushi shop.

(Original) …"
436,Shabu Shabu, 5 stars ,3 years ago,"(Translated by Google) Very good restaurant, good atmosphere, good food. And top service. I am completely satisfied with the price I paid and what I got in return compared to other sushi restaurants. It is definitely recommended ! And I …"
437,Shabu Shabu, 5 stars ,2 years ago,"(Translated by Google) We regularly eat good food here the manager recognizes us when we come. We always get a nice table by the window, the atmosphere is great and lots of choices, varied to fast! …"
438,Shabu Shabu, 2 stars ,3 years ago,"(Translated by Google) We came in and then had to wait 15 min because there was no one at the reception. Then they asked if they could wait another 10 minutes so that they could prepare our table. And to top it all off, we had to wait half …"
439,Shabu Shabu, 1 star ,4 years ago,"(Translated by Google) After having been there twice, it will not be a third time in the future. Both times we have not had whole ""rounds"" with food. The beer was also lukewarm .. After having made a complaint when paying, it was possible …"
440,Shabu Shabu, 5 stars ,3 years ago,"(Translated by Google) Today we went to eat here with our family. Not reserved, but it's so busy here! We were helped very quickly by a host and a hostess Food was delicious!! Service is very friendly and super fast too!! Highly …"
441,Shabu Shabu, 4 stars ,2 years ago,(Translated by Google) Great place. Very large so impersonal but if you want to eat all you can eat sushi then that is fine here. Also enough vegetarian dishes. …
442,Shabu Shabu, 4 stars ,3 years ago,"(Translated by Google) Located in the very central Rembrandtplein. Excellent service, good quality food. The price is a bit high, especially when it comes to water. 8 euros for a bottle. …"
443,Shabu Shabu, 4 stars ,4 years ago,"(Translated by Google) Tasty sushi, was really delicious, only liked the desserts bar. I also found the drink prices on the high side, but that is probably because this branch is located in the center of Amsterdam. …"
444,Shabu Shabu, 1 star ,3 years ago,"(Translated by Google) Shabu Shabu Amsterdam, without reservation Seated at a small round table with five people. Was able to order our food. After the first round had quite quickly ordered the second round but then no one came to clear up. …"
445,Shabu Shabu, 4 stars ,3 years ago,"(Translated by Google) Eating sushi on stand Turbo. Very fast service, have only seen no Japanese staff. You have to go upstairs for dessert. Big staircase, not suitable for the disabled person. …"
446,Shabu Shabu, 5 stars ,4 years ago,(Translated by Google) Delicious eaten. And a very fast operation. Friendly staff …
447,Shabu Shabu, 2 stars ,3 years ago,"(Translated by Google) had dinner here with my daughter and found the sushi to be mediocre, price quality was not ok. service was friendly but they really walk around the tables continuously ... …"
448,Shabu Shabu, 1 star ,5 years ago,(Translated by Google) Was assigned to a place that was literally under the mouse poop. It smelled incredible. The food itself was tasty. It is literally teeming with mice. Was only a young waitress in between who apparently knew what …
449,Shabu Shabu, 2 stars ,4 years ago,"(Translated by Google) People, go by! This place is not worth it (the food is stupidly not of high quality, the menu is beautiful and the pluses end there. Super rude and inattentive staff. Just spit on the visitors! They put us at a dirty …"
450,Shabu Shabu, 2 stars ,4 years ago,"(Translated by Google) Let me start positively to say that the food was fine.
But those prices are absolutely absurd. More than eur 28 for the food per person, eur 5.60 for a coke. Shame on you! And then also have to speak English. How …"
451,Shabu Shabu, 2 stars ,3 years ago,(Translated by Google) Huge restaurant. Tables too close together and a defective dessert buffet without replacement. Space everywhere but still packed together with chairs together. Too bad because the food and concept are very good. …
452,Shabu Shabu, 3 stars ,2 years ago,"(Translated by Google) Good place for a lot of relatively cheap sushi, but unfortunately a portion reduction for the same money recently. Forgot to bring orders regularly. …"
453,Shabu Shabu, 2 stars ,3 years ago,"(Translated by Google) Always eaten well, only very bad yesterday. Meat not cooked through, some things were cold. And staff were quite rude, food was taken from the table while we weren't ready ..? Could be better shabushabu! …"
454,Shabu Shabu, 1 star ,3 years ago,"(Translated by Google) It took an hour to wait, after which you are just fed up with anger. Tiny portions for too much money and not even the prices on the menu, you run the blind risk of spending 100 € on a cold fart of food. …"
455,Shabu Shabu, 4 stars ,4 years ago,(Translated by Google) Good. Average costs for all you can eat € 15.90 for lunch and € 19.90 for dinner. Great place even if for lunch it is only partially open. …
456,Shabu Shabu, 3 stars ,3 years ago,"(Translated by Google) The food was very good, but ordering via a tablet is very cumbersome. We were there with 4 people and it is easy to get confused with the orders. …"
457,Shabu Shabu, 3 stars ,4 years ago,"(Translated by Google) Very nice food and a restaurant with a nice atmosphere. The service was very slow and it was very common that we didn't get half of our order or had to ask 5x before getting the rest. Furthermore, it is a beautiful …"
458,Shabu Shabu, 2 stars ,3 years ago,"(Translated by Google) All sushi is ice cold, it is not freshly prepared. Lunch is very cheap (18.50), but that is noticeable in the quality of the dishes. …"
459,Shabu Shabu, 1 star ,a year ago,"(Translated by Google) Unlike other shabus, it is nothing short of bad.
Shrimp floury, little taste to the sushi
Definitely not worthy of shabu. …"
460,Shabu Shabu, 1 star ,5 years ago,"(Translated by Google) Hi, can we still eat .... Yes. we can sit there by the window. No, not enough staff? Can we have water with the wine ... We only sell spa blue ... what do you serve out, no idea. Food is sufficient, rest a disaster. …"
461,Shabu Shabu, 4 stars ,4 years ago,"(Translated by Google) Fantastic food. But expensive drinks.

(Original) …"
462,Shabu Shabu, 2 stars ,3 years ago,(Translated by Google) Food tasty but service bad. Several rounds did not come through so we had to wait a long time for the food. Also drinks took a very long time. …
463,Shabu Shabu, 4 stars ,2 years ago,"(Translated by Google) Good products
Only the concept is special they offer you packages in time
We were surprised to be offered not dishes but durations …"
464,Shabu Shabu, 5 stars ,4 years ago,"(Translated by Google) Great restaurant, incredibly such a huge atmosphere in Amsterdam at really humane prices!
Here the different sushis are ordered with the tablet. …"
465,Shabu Shabu, 2 stars ,3 years ago,(Translated by Google) A lot of food was not tasty and for the same money I could have gone to a better sushi resturant. And we also had to wait a very long time for everything. …
466,Shabu Shabu, 5 stars ,3 years ago,"(Translated by Google) Huge recommendation!
Super tasty.
Friendly and brisk service …"
467,Shabu Shabu, 5 stars ,3 years ago,(Translated by Google) Good value for money! Sushi was tasty and served quickly. Assistant manager who kindly came to our aid for our questions. …
468,Shabu Shabu, 5 stars ,3 years ago,"(Translated by Google) The food is very tasty, plenty of choice and, last but not least, a dessert buffet.
And with that comes a fast and super friendly service, so your evening cannot go …"
469,Shabu Shabu, 2 stars ,2 years ago,"(Translated by Google) The food tasted ok and the service was quick.
I just went home like in many other Amsterdam restaurants with a bloated feeling of puke. …"
470,Shabu Shabu, 3 stars ,3 years ago,(Translated by Google) Good food and fast service. A big downside is; I met one of the cooks at the toilet and he left without washing his hands to the kitchen where he immediately went back to work. …
471,Shabu Shabu, 3 stars ,5 years ago,(Translated by Google) At our visit the feeling temperature was -3. Order handy via tablet. Sushi OK but nothing special. T remains a bit of a food factory for tourists …
472,Shabu Shabu, 2 stars ,5 years ago,"(Translated by Google) I did not like the rolls at all. Rice is not tasty, cheese is almost not put.
But tasty meat and chicken wings. And very tasty ice cream. But almost € 30 for …"
473,Shabu Shabu, 1 star ,3 years ago,(Translated by Google) Food is not good. Beans have a ground taste and are overdue. Canned tuna. Seaweed tastes like cardboard and the 'fresh tuna' is so tough you can't get through. What a bad establishment of shabu shabu! …
474,Shabu Shabu, 1 star ,2 years ago,"(Translated by Google) Bad service, spoiled sushi (egg). When indicating this, no response from staff. Bad card then first. Not recommended …"
475,Shabu Shabu, 5 stars ,2 years ago,"(Translated by Google) Always the tastiest sushi varieties of all. Tasted very fresh weather, friendly service and handy tablet to order everything. …"
476,Shabu Shabu, 5 stars ,3 years ago,"(Translated by Google) Shabu has changed so positively, my compliments really. Staff is friendlier and dishes are tastier. Great, we have confidence in it again and will be back soon! …"
477,Shabu Shabu, 3 stars ,5 years ago,(Translated by Google) Earlier I had given it five stars but the portions of all you can eat are increasingly giving you little more because you can taste soon full. Good food and good quality …
478,Shabu Shabu, 1 star ,2 years ago,"(Translated by Google) Poor Shabu that I have eaten so far, food was cold or lukewarm if you said something about it they said we are going to work there and you get new and when you got new what it still COLD ..... Staff what not friendly …"
479,Shabu Shabu, 5 stars ,2 years ago,"(Translated by Google) Good service, great food and definitely recommended, there was only a big difference in the time that was between some dishes, but it was worth the wait. …"
480,Shabu Shabu, 4 stars ,4 years ago,"(Translated by Google) Beautiful location, all you can eat typical of shabu shabu. Waiters a little inattentive, otherwise it would have been 5 stars ...
However promoted great. …"
481,Shabu Shabu, 4 stars ,3 years ago,"(Translated by Google) Nice to do this. Service excellent. Food delicious !! Wide choice of meat and fish. V.
Better point is the dessert bar. Very hard scoop of ice cream, whipped cream is …"
482,Shabu Shabu, 5 stars ,3 years ago,"(Translated by Google) Really super sushi🍱🍣 Delicious sushi, very fast service and downstairs you are a lot quieter (recommended). Drink strongly at the price. …"
483,Shabu Shabu, 1 star ,4 years ago,"(Translated by Google) This is the bad all you can eat in Amsterdam.
The food was not fresh, not tasty and the atmosphere is very bland.
Furthermore, you are very limited in making choices. …"
484,Shabu Shabu, 1 star ,3 years ago,"(Translated by Google) Unfortunately bad experience, cold dishes (which were supposed to be hot) little service, buffet not replenished, poor to not cleaned tables. In short, not what we are used to from Shabu shabu …"
485,Shabu Shabu, 5 stars ,2 years ago,"(Translated by Google) It was super delicious!
Between 4 p.m. and 9 p.m. the price per person is € 30.50.
It is definitely worth it. …"
486,Shabu Shabu, 3 stars ,2 years ago,(Translated by Google) Dessert was minimal. Reception and a large part of the other staff were English speaking. I think that someone who works in the Netherlands in the hospitality industry or who is a service provider should be able to …
487,Shabu Shabu, 4 stars ,2 years ago,"(Translated by Google) I liked it, the service is fast and efficient, the dishes are served in an elegant way and it was all very good. Very good. …"
488,Shabu Shabu, 5 stars ,2 years ago,"(Translated by Google) Having dinner here with a number of colleagues. Cozy tent with delicious sushi. In addition, also located close to the center .. …"
489,Shabu Shabu, 5 stars ,6 years ago,(Translated by Google) What a nice all you can eat concept here! You simply order all your food and drinks and in no time they bring everything to you. Really super fast. Interior is modern industrial and spacious. Friendly staff all over. …
490,Shabu Shabu, 5 stars ,2 years ago,"(Translated by Google) Good food. Fast friendly service.
Some do not speak Dutch but they make up for that in good service. And they are all friendly. …"
491,Shabu Shabu, 1 star ,4 years ago,"(Translated by Google) After having been there twice, it will not be a third time in the future. Both times we have not had whole ""rounds"" with food. The beer was also lukewarm .. After having made a complaint when paying, it was possible …"
492,Shabu Shabu, 1 star ,2 years ago,"(Translated by Google) Tasty or salty food. Waste of money.

(Original) …"
493,Shabu Shabu, 2 stars ,2 years ago,(Translated by Google) Food quality is not the best. Sometimes old. I would avoid it …
494,Shabu Shabu, 3 stars ,2 years ago,"(Translated by Google) Good place for a lot of relatively cheap sushi, but unfortunately a portion reduction for the same money recently. Forgot to bring orders regularly. …"
495,Shabu Shabu, 4 stars ,4 years ago,"(Translated by Google) My first experience with Sushi! Worth repeating, nice tent & people. Would have expected more dessert options (including ice cream flavors) and fresh juice on the menu. The wait staff did not know what an 'orange …"
496,Shabu Shabu, 5 stars ,3 years ago,(Translated by Google) Tasty good fresh sushi with friendly service we were on the Rembrandtplein and there were two of us with a drink menu and were already ready for 65 euros. …
497,Shabu Shabu, 2 stars ,3 years ago,"(Translated by Google) had dinner here with my daughter and found the sushi to be mediocre, price quality was not ok. service was friendly but they really walk around the tables continuously ... …"
498,Shabu Shabu, 5 stars ,3 years ago,(Translated by Google) Delicious dishes that are also served quickly. You rarely have to wait long. The ice cream at the dessert bar is also 🙌🏻. …
499,Shabu Shabu, 4 stars ,2 years ago,"(Translated by Google) If you want to find on the streets of Amsterdam cold comfort Orient, where quite meet. …"
500,Shabu Shabu, 3 stars ,3 years ago,(Translated by Google) Not good but not too bad. Some of the ministry are totally uninterested in what they throw at your table. But some speak Dutch! …
501,Shabu Shabu, 4 stars ,5 years ago,(Translated by Google) Super food and friendly service. Just a pity that they did not ask if we wanted to order extra drinks. Food is great. …
502,Shabu Shabu, 1 star ,3 years ago,(Translated by Google) Mediocre choice in terms of sushi. Absolutely no fresh products can be tasted! And no atmosphere in the shop! Could have eaten better at the febo …
503,Shabu Shabu, 4 stars ,2 years ago,(Translated by Google) Great food at this sushi restaurant The service was very quick lots of choice card …
504,Shabu Shabu, 1 star ,4 years ago,"(Translated by Google) When they arrived, they put our express at the front ""you can't decide where you are"". Lol just walked out. Never eat here. Would like to pay but then let me sit where I want. I pay your salary friend …"
505,Shabu Shabu, 5 stars ,2 years ago,"(Translated by Google) in a word I had fantastic, delicious food and fresh! wine also great. and well organized regarding ordering. Easy to reach by public transport. …"
506,Shabu Shabu, 3 stars ,3 years ago,(Translated by Google) Fine but the 5eu for unlimited drinking was gone so I would have preferred to go to sumo for something better food. …
507,Shabu Shabu, 2 stars ,2 years ago,"(Translated by Google) Cold hot dishes, the ribeye and salty and cold. The nori of the handrolls was very tough .. Very bad …"
508,Shabu Shabu, 4 stars ,2 years ago,(Translated by Google) Very tasty sushi and fast service. Almost all staff speak English. Nice restaurant and not expensive. …
509,Shabu Shabu, 1 star ,3 years ago,(Translated by Google) I would not have come if I had known that the order was available every 8 minutes. The waitress was also very rude. I will not come back …
510,Shabu Shabu, 5 stars ,2 years ago,"(Translated by Google) Good food. Fast friendly service.
Some do not speak Dutch but they make up for that in good service. And they are all friendly. …"
511,Shabu Shabu, 4 stars ,2 years ago,"(Translated by Google) Chair broken and long explanation why the order of a drink took so long: software error. I don't want to know, I want my drink now …"
512,Shabu Shabu, 5 stars ,3 years ago,(Translated by Google) Delicious dishes that are also served quickly. You rarely have to wait long. The ice cream at the dessert bar is also 🙌🏻. …
513,Shabu Shabu, 2 stars ,2 years ago,"(Translated by Google) We had paid for 2 hours, but after 1 hour we were not allowed to order anymore. A shame for society! …"
514,Shabu Shabu, 2 stars ,3 years ago,"(Translated by Google) Too much sauce on the sushi, too large portions and quite pricey. You can sit nicely and it was clean …"
515,Shabu Shabu, 3 stars ,2 years ago,(Translated by Google) Tasty sushi and other snacks. Friendly service. Atmosphere downstairs restaurant is much less. …
516,Shabu Shabu, 4 stars ,2 years ago,"(Translated by Google) More than great lunch address

(Original)
Meer dan prima lunch adres"
517,Shabu Shabu, 4 stars ,2 years ago,"(Translated by Google) Sushi tastes great, tablet does not always work well and once the order was incomplete …"
518,Shabu Shabu, 4 stars ,3 years ago,(Translated by Google) Great food with fast service. Ordering via an ipad is also delicious and easy. Highly recommended to eat here …
519,Shabu Shabu, 4 stars ,5 years ago,"(Translated by Google) Standard concept, nice place where you can eat delicious sushi according to all you can eat principle …"
520,Shabu Shabu, 3 stars ,4 years ago,"(Translated by Google) Very nice food and a restaurant with a nice atmosphere. The service was very slow and it was very common that we didn't get half of our order or had to ask 5x before getting the rest. Furthermore, it is a beautiful …"
521,Shabu Shabu, 1 star ,3 years ago,(Translated by Google) Food is not good. Beans have a ground taste and are overdue. Canned tuna. Seaweed tastes like cardboard and the 'fresh tuna' is so tough you can't get through. What a bad establishment of shabu shabu! …
522,Shabu Shabu, 1 star ,4 years ago,"(Translated by Google) When they arrived, they put our express at the front ""you can't decide where you are"". Lol just walked out. Never eat here. Would like to pay but then let me sit where I want. I pay your salary friend …"
523,Shabu Shabu, 3 stars ,2 years ago,"(Translated by Google) It's fine for once but a little expensive for the quality they offer. The sushi was not bad.
The very poor dessert. …"
524,Shabu Shabu, 4 stars ,2 years ago,"(Translated by Google) These are not high places, but I am relatively close, reasonable prices for Amsterdam and in return everything is fresh. …"
525,Shabu Shabu, 4 stars ,3 years ago,"(Translated by Google) Great tent. Big. Not extra special, but festive and neat

(Original) …"
526,Shabu Shabu, 4 stars ,2 years ago,"(Translated by Google) Atmospheric restaurant, delicious sushi and friendly service …"
527,Shabu Shabu, 3 stars ,3 years ago,(Translated by Google) Good food and fast service. A big downside is; I met one of the cooks at the toilet and he left without washing his hands to the kitchen where he immediately went back to work. …
528,Shabu Shabu, 4 stars ,3 years ago,(Translated by Google) Great food with fast service. Ordering via an ipad is also delicious and easy. Highly recommended to eat here …
529,Shabu Shabu, 3 stars ,2 years ago,(Translated by Google) Sushi was tasty !! Not so much choice and dessert was not to eat …
530,Shabu Shabu, 5 stars ,3 years ago,(Translated by Google) Eaten a few times really blissfully always really enjoys it again soon😀 …
531,Shabu Shabu, 2 stars ,3 years ago,"(Translated by Google) Really not always fresh, some rounds do not arrive and when you ask about it, nothing is done with it. …"
532,Shabu Shabu, 5 stars ,3 years ago,"(Translated by Google) Huge recommendation!
Super tasty.
Friendly and brisk service …"
533,Shabu Shabu, 1 star ,3 years ago,"(Translated by Google) Worthless. Had 5 dishes with 2 people. Wait, wait and wait. Drinks don't come through either. Once and never again. …"
534,Shabu Shabu, 3 stars ,3 years ago,(Translated by Google) Was tasty but it went anything but well orders came not or wrong …
535,Shabu Shabu, 3 stars ,2 years ago,"(Translated by Google) Tasty food only the meat range was quite disappointing.

(Original) …"
536,Shabu Shabu, 2 stars ,3 years ago,(Translated by Google) Huge restaurant. Tables too close together and a defective dessert buffet without replacement. Space everywhere but still packed together with chairs together. Too bad because the food and concept are very good. …
537,Shabu Shabu, 4 stars ,2 years ago,"(Translated by Google) Good food and plenty of choice for everyone

(Original) …"
538,Shabu Shabu, 5 stars ,3 years ago,"(Translated by Google) Top service! Delicious food!! If you go out and want a quick bite, this is the place to be! Top! …"
539,Shabu Shabu, 1 star ,3 years ago,(Translated by Google) Very poor quality. Sushi from old fish ... not recommended …
540,Shabu Shabu, 2 stars ,5 years ago,(Translated by Google) This has deteriorated enormously in recent years. The last few times all tasty things had disappeared from the menu. I won't come here soon. …
541,Shabu Shabu, 4 stars ,4 years ago,"(Translated by Google) Beautiful location
Personal experience and universal in languages …"
542,Shabu Shabu, 2 stars ,2 years ago,"(Translated by Google) Delicious sushi, but it is a pity that nothing was done about the walking mice …"
543,Shabu Shabu, 1 star ,5 years ago,(Translated by Google) Very unfriendly reception upon arrival. We then went to dinner somewhere else where they know what hospitality is. …
544,Shabu Shabu, 4 stars ,2 years ago,"(Translated by Google) Great food, fast delivery. Staff less busy at the time of crowds. Furthermore, completely fine. …"
545,Shabu Shabu, 5 stars ,3 years ago,"(Translated by Google) Tasty Tasty Tasty! Worth a visit!

(Original)
טעים טעים טעים! שווה ביקור!"
546,Shabu Shabu, 5 stars ,2 years ago,"(Translated by Google) Best Sushi in Amsterdam, especially for people who do not really just want to eat fish. ❤️ …"
547,Shabu Shabu, 4 stars ,2 years ago,"(Translated by Google) These are not high places, but I am relatively close, reasonable prices for Amsterdam and in return everything is fresh. …"
548,Shabu Shabu, 3 stars ,2 years ago,(Translated by Google) Not bad there was the sweet and fruit included in the all you can eat …
549,Shabu Shabu, 3 stars ,2 years ago,(Translated by Google) Sushi was tasty !! Not so much choice and dessert was not to eat …
550,Shabu Shabu, 3 stars ,2 years ago,(Translated by Google) it can all be warmer but the meat and chicken should not be overcooked! …
551,Shabu Shabu, 1 star ,2 years ago,"(Translated by Google) Save money eat at home. Spoiled Tuna sashimi, poor service, bad food, money thrown away. …"
552,Shabu Shabu, 1 star ,3 years ago,(Translated by Google) Very poor quality. Sushi from old fish ... not recommended …
553,Shabu Shabu, 3 stars ,2 years ago,"(Translated by Google) Sushi à volonté for only 20 euros, tasty!

(Original) …"
554,Shabu Shabu, 4 stars ,4 years ago,(Translated by Google) Tasty and much cheaper during lunch hours than other all you can eat places! …
555,Shabu Shabu, 5 stars ,4 years ago,(Translated by Google) absolutely nothing to complain about. Food was super delicious and the service left nothing to be desired. …
556,Shabu Shabu, 3 stars ,4 years ago,(Translated by Google) All you can eat without too many pretensions. Staff does not put customers at ease and unwelcoming. …
557,Shabu Shabu, 5 stars ,2 years ago,"(Translated by Google) A nice place, the food is very tasty, comes from frying fast. Totally worth the cost. In short, a great experience! We have really enjoyed. …"
558,Shabu Shabu, 5 stars ,4 years ago,"(Translated by Google) Incredible, if you're hungry and you have two hours to enjoy a hearty meal ,, this is your place. Food incredible quality …"
559,Shabu Shabu, 3 stars ,2 years ago,(Translated by Google) Delicious eaten just so bad you do not even normally can speak Dutch in the Netherlands staff can only English. …
560,Shabu Shabu, 5 stars ,4 years ago,(Translated by Google) Super fresh. Delicious. At lunchtime it was quick and was not too crowded. …
561,Shabu Shabu, 5 stars ,4 years ago,(Translated by Google) Cozy and well eaten. Fast and very friendly service. Nice ambiance !! …
562,Shabu Shabu, 4 stars ,2 years ago,"(Translated by Google) Great selection of tasty dishes, eat as you can. Price is fixed in advance. No drinking and set dishes. …"
563,Shabu Shabu, 4 stars ,3 years ago,"(Translated by Google) Yum yum

(Original)
MIAm miam"
564,Shabu Shabu, 4 stars ,2 years ago,"(Translated by Google) Good food good value, chicken seemed something raw with one piece .. can happen! …"
565,Shabu Shabu, 5 stars ,2 years ago,(Translated by Google) Different variations of Japanese cuisine! Also nice and large portions :) …
566,Shabu Shabu, 4 stars ,3 years ago,"(Translated by Google) Cozy restaurant with great food and drinks, be sure to try the Sodas which are delicious and refreshing. …"
567,Shabu Shabu, 5 stars ,2 years ago,"(Translated by Google) Great food, even offered me drinks (14)

(Original) …"
568,Shabu Shabu, 2 stars ,4 years ago,"(Translated by Google) I came for sushi, they were all the same inside, or with sea bass !!! ??? or tuna salad. Not booming. …"
569,Shabu Shabu, 5 stars ,4 years ago,"(Translated by Google) 2 hours of sushi at will in a setting and atmosphere at the top! Do not miss it, it's really worth the detour …"
570,Shabu Shabu, 2 stars ,4 years ago,(Translated by Google) Nice restaurant. Service and assortment were disappointing. I thought the price was too high. …
571,Shabu Shabu, 3 stars ,4 years ago,"(Translated by Google) Good food, friendly service, not all tables were equally cozy .. …"
572,Shabu Shabu, 4 stars ,3 years ago,"(Translated by Google) It is a pity that you have to pay extra for many things. Furthermore, very tasty eaten …"
573,Shabu Shabu, 2 stars ,2 years ago,(Translated by Google) Food quality is not the best. Sometimes old. I would avoid it …
574,Shabu Shabu, 5 stars ,2 years ago,"(Translated by Google) Very tasty food good fast and friendly service

(Original) …"
575,Shabu Shabu, 2 stars ,3 years ago,"(Translated by Google) Really not always fresh, some rounds do not arrive and when you ask about it, nothing is done with it. …"
576,Shabu Shabu, 5 stars ,2 years ago,"(Translated by Google) Attentive service, quick with the publishing of the dishes and drinks and delicious food! …"
577,Shabu Shabu, 5 stars ,3 years ago,(Translated by Google) Eaten a few times really blissfully always really enjoys it again soon😀 …
578,Shabu Shabu, 5 stars ,4 years ago,(Translated by Google) Nice restaurant with a great view on a nice square. Food is delicious! …
579,Shabu Shabu, 5 stars ,3 years ago,(Translated by Google) Atmosphere in the place but so on but the food was great. Prepared very quickly and delicious …
580,Shabu Shabu, 3 stars ,3 years ago,(Translated by Google) May for the large space they have some more facilities for the kids …
581,Shabu Shabu, 4 stars ,4 years ago,(Translated by Google) Delicious eaten here. Very fast service and nicely decorated. …
582,Shabu Shabu, 4 stars ,4 years ago,"(Translated by Google) Count 28.50 € for a menu at Shabu Shabu, while in other restaurants of the same brand the menu goes to 18.50 €! …"
583,Shabu Shabu, 5 stars ,2 years ago,"(Translated by Google) All you can eat in 2 hours what you can eat very cool

(Original) …"
584,Shabu Shabu, 2 stars ,4 years ago,(Translated by Google) Food is not the best quality. Operation is very inexperienced. …
585,Shabu Shabu, 4 stars ,2 years ago,"(Translated by Google) It was good food, and was also delivered quickly

(Original) …"
586,Shabu Shabu, 3 stars ,4 years ago,"(Translated by Google) Over € 20 for an all-you-can-eat menu, which closes at 10 p.m., it's disappointing when you come in the evening and you're in no rush. …"
587,Shabu Shabu, 5 stars ,3 years ago,"(Translated by Google) Very tasty, modern way of ordering, neat restaurant, lots of choice and very nice service …"
588,Shabu Shabu, 5 stars ,2 years ago,"(Translated by Google) Delicious eaten .. good service
Had been here 2x already …"
589,Shabu Shabu, 1 star ,4 years ago,"(Translated by Google) not recommended! Great concept, not tasty food at all.
If parcels are returned a second time, they require this policy.
not recommended. …"
590,Shabu Shabu, 2 stars ,4 years ago,"(Translated by Google) Poor hostess, and tough sushi. Very unfriendly and impersonal with that tablet. …"
591,Shabu Shabu, 4 stars ,3 years ago,"(Translated by Google) Great tent. Big. Not extra special, but festive and neat

(Original) …"
592,Shabu Shabu, 2 stars ,4 years ago,"(Translated by Google) Poor quality, mediocre staff. They smile, but are clearly not warm-hearted. …"
593,Shabu Shabu, 4 stars ,3 years ago,"(Translated by Google) Good sushi, nice location right in the city, fast service …"
594,Shabu Shabu, 3 stars ,3 years ago,(Translated by Google) Was tasty but it went anything but well orders came not or wrong …
595,Shabu Shabu, 4 stars ,2 years ago,"(Translated by Google) Best sushi I have eaten so far

(Original) …"
596,Shabu Shabu, 5 stars ,3 years ago,"(Translated by Google) Very tasty and super cozy here .. good service

(Original) …"
597,Shabu Shabu, 5 stars ,3 years ago,"(Translated by Google) end

(Original)
סוף"
598,Shabu Shabu, 4 stars ,5 years ago,"(Translated by Google) Delicious sushi with many tasty sashimi, lots of variety in sushi too. …"
599,Shabu Shabu, 3 stars ,2 years ago,"(Translated by Google) Tasty food only the meat range was quite disappointing.

(Original) …"
600,Shabu Shabu, 4 stars ,6 years ago,"(Translated by Google) A good restaurant with a good sushi menu, but a bit pricey ... …"
601,Shabu Shabu, 4 stars ,2 years ago,"(Translated by Google) If you want to find on the streets of Amsterdam cold comfort Orient, where quite meet. …"
602,Shabu Shabu, 4 stars ,4 years ago,"(Translated by Google) Tasty, good service and good atmosphere

(Original) …"
603,Shabu Shabu, 5 stars ,4 years ago,(Translated by Google) Nice restaurant and incredibly fast service by ordering via a tablet! …
604,Shabu Shabu, 4 stars ,4 years ago,"(Translated by Google) Very fast service, good food, lots of English speaking staff. …"
605,Shabu Shabu, 1 star ,2 years ago,"(Translated by Google) Really worthless, not fresh, slow food, waiter service not good …"
606,Shabu Shabu, 4 stars ,3 years ago,"(Translated by Google) Cozy, fast service, especially for large groups, friendly and top …"
607,Shabu Shabu, 4 stars ,3 years ago,"(Translated by Google) Shabu as always.. Fast service, good atmosphere and delicious food …"
608,Shabu Shabu, 5 stars ,5 years ago,(Translated by Google) Excellent sushi to enjoy at will varied menu reasonable price …
609,Shabu Shabu, 1 star ,3 years ago,(Translated by Google) Not terrible as a place prefers sumo or other than shabu shabu it disappointed me …
610,Shabu Shabu, 2 stars ,4 years ago,(Translated by Google) Expensive place basic food the shusi was with if you bought it in a supermarket the modality is complicated and the very high price I do not recommend it …
611,Shabu Shabu, 4 stars ,2 years ago,"(Translated by Google) Atmospheric restaurant, delicious sushi and friendly service …"
612,Shabu Shabu, 4 stars ,2 years ago,"(Translated by Google) Good food, but a rude manager who did away with staff from clients …"
613,Shabu Shabu, 5 stars ,3 years ago,(Translated by Google) Crazy good-quality sushi place and nice waiters recommend coming hungry …
614,Shabu Shabu, 5 stars ,2 years ago,"(Translated by Google) Beautiful location, fast service and delicious food!

(Original) …"
615,Shabu Shabu, 4 stars ,5 years ago,"(Translated by Google) Beautiful thing, good food. Suitable for larger groups.

(Original) …"
616,Shabu Shabu, 1 star ,2 years ago,"(Translated by Google) If you want to eat well don't go there!

(Original) …"
617,Shabu Shabu, 5 stars ,4 years ago,"(Translated by Google) Good price for the quality they serve

(Original) …"
618,Shabu Shabu, 5 stars ,3 years ago,"(Translated by Google) Good food good service and cozy. Recommended

(Original) …"
619,Shabu Shabu, 4 stars ,3 years ago,"(Translated by Google) Food was tasty and the service was good.

(Original) …"
620,Shabu Shabu, 3 stars ,4 years ago,"(Translated by Google) Mediocre sushi, don't go if you're used to sumo !!

(Original) …"
621,Shabu Shabu, 4 stars ,4 years ago,"(Translated by Google) Great food and no queue. Good service!

(Original) …"
622,Shabu Shabu, 4 stars ,3 years ago,"(Translated by Google) So-so quality, but it's cheap and central, family friendly …"
623,Shabu Shabu, 2 stars ,4 years ago,(Translated by Google) It is better to book. Nothing exceptional and more expensive …
624,Shabu Shabu, 4 stars ,3 years ago,"(Translated by Google) A lot for relatively little, quality leaves much to be desired. …"
625,Shabu Shabu, 3 stars ,3 years ago,"(Translated by Google) Tasty and served quickly, the portions may be slightly smaller …"
626,Shabu Shabu, 5 stars ,5 years ago,"(Translated by Google) Good system and good food for a reasonable price

(Original) …"
627,Shabu Shabu, 5 stars ,3 years ago,"(Translated by Google) Delicious food, attentive service, and friendly atmosphere. …"
628,Shabu Shabu, 5 stars ,3 years ago,"(Translated by Google) Very nice for a dinner with your partner or friends

(Original) …"
629,Shabu Shabu, 5 stars ,3 years ago,"(Translated by Google) Very fast service

(Original)
Sehr schneller Service"
630,Shabu Shabu, 5 stars ,4 years ago,"(Translated by Google) Excellent quality, average price, quick service, courtesy …"
631,Shabu Shabu, 5 stars ,2 years ago,"(Translated by Google) Super good food good atmosphere

(Original) …"
632,Shabu Shabu, 4 stars ,5 years ago,(Translated by Google) You can eat for little money. You can't expect great quality …
633,Shabu Shabu, 5 stars ,2 years ago,"(Translated by Google) Been after long weather ... was delicious!

(Original) …"
634,Shabu Shabu, 5 stars ,2 years ago,"(Translated by Google) It's a great All you can eat.

(Original) …"
635,Shabu Shabu, 5 stars ,3 years ago,"(Translated by Google) Very tasty food!

(Original)
Heel erg lekker eten!"
636,Shabu Shabu, 4 stars ,2 years ago,"(Translated by Google) Good food, all you van taste (lunch version).

(Original) …"
637,Shabu Shabu, 4 stars ,4 years ago,"(Translated by Google) Tasty sushi sublime grill relax atmosphere

(Original) …"
638,Shabu Shabu, 5 stars ,3 years ago,"(Translated by Google) Tasty and cozy 🍤🍜🍣🍥🥟🍡🍠🥠🍱

(Original) …"
639,Shabu Shabu, 5 stars ,3 years ago,(Translated by Google) A nice restaurant in the middle of the city with plenty of seating …
640,Shabu Shabu, 1 star ,4 years ago,"(Translated by Google) Shit of a place
If you ordered and did not eat, you must …"
641,Shabu Shabu, 3 stars ,5 years ago,"(Translated by Google) Space was poorly heated. Food was good.

(Original) …"
642,Shabu Shabu, 5 stars ,3 years ago,"(Translated by Google) A quality sushi restaurant, eat as much as you can.

(Original) …"
643,Shabu Shabu, 3 stars ,2 years ago,"(Translated by Google) Ok sushi, boiled tuna was to puke!

(Original) …"
644,Shabu Shabu, 4 stars ,2 years ago,"(Translated by Google) It was very nice just expected 🤩

(Original) …"
645,Shabu Shabu, 4 stars ,2 years ago,"(Translated by Google) Portions are small, delicious, cozy place for the company. …"
646,Shabu Shabu, 5 stars ,2 years ago,"(Translated by Google) I have eaten here super for little money

(Original) …"
647,Shabu Shabu, 5 stars ,3 years ago,"(Translated by Google) Great food !! Finished very quickly !! 5/5

(Original) …"
648,Shabu Shabu, 5 stars ,3 years ago,"(Translated by Google) Unbelievable !! A great setting, no bad surprises 👌

(Original) …"
649,Shabu Shabu, 4 stars ,3 years ago,"(Translated by Google) Nice restaurant, good food, fast service.

(Original) …"
650,Shabu Shabu, 5 stars ,3 years ago,"(Translated by Google) Good food! Friendly staff

(Original) …"
651,Shabu Shabu, 5 stars ,5 years ago,"(Translated by Google) Good system and good food for a reasonable price

(Original) …"
652,Shabu Shabu, 5 stars ,3 years ago,"(Translated by Google) Very tasty food!

(Original)
Heel erg lekker eten!"
653,Shabu Shabu, 3 stars ,5 years ago,"(Translated by Google) Space was poorly heated. Food was good.

(Original) …"
654,Shabu Shabu, 3 stars ,2 years ago,"(Translated by Google) Ok sushi, boiled tuna was to puke!

(Original) …"
655,Shabu Shabu, 5 stars ,4 years ago,"(Translated by Google) Good price for the quality they serve

(Original) …"
656,Shabu Shabu, 5 stars ,2 years ago,"(Translated by Google) Good food, always good

(Original)
Lekker eten, altijd Goed"
657,Shabu Shabu, 5 stars ,3 years ago,"(Translated by Google) AYCE for 2 hours: Large selection of sushi but also other dishes. You can select eight things every 10 minutes via the tablet, these will be brought to the table shortly. …"
658,Shabu Shabu, 4 stars ,3 years ago,"(Translated by Google) Very tasty and not expensive

(Original)
Erg lekker en niet duur"
659,Shabu Shabu, 4 stars ,3 years ago,"(Translated by Google) Delicious and relaxed food.

(Original)
Lekker en ontspannen gegeten."
660,Shabu Shabu, 1 star ,2 years ago,"(Translated by Google) Tasty or salty food. Waste of money.

(Original) …"
661,Shabu Shabu, 4 stars ,2 years ago,"(Translated by Google) Good food, but very dark inside

(Original) …"
662,Shabu Shabu, 5 stars ,2 years ago,"(Translated by Google) Good sushi. Choice is giant

(Original)
Goede sushi. Keuze is reuze"
663,Shabu Shabu, 2 stars ,4 years ago,"(Translated by Google) Staff is moderate like the food

(Original) …"
664,Shabu Shabu, 5 stars ,2 years ago,"(Translated by Google) Tasty sushi lots of choice

(Original)
Lekker sushi veel keus"
665,Shabu Shabu, 4 stars ,4 years ago,"(Translated by Google) Tasty sushi. Very fast operation!

(Original) …"
666,Shabu Shabu, 5 stars ,3 years ago,"(Translated by Google) Very good service and excellent apartments

(Original) …"
667,Shabu Shabu, 4 stars ,3 years ago,"(Translated by Google) Acceptable Japanese food. Go hungry 😉

(Original) …"
668,Shabu Shabu, 5 stars ,3 years ago,"(Translated by Google) Very rich is eaten and Jesus a crack!

(Original) …"
669,Shabu Shabu, 4 stars ,3 years ago,"(Translated by Google) Nice tent right in the center of Amsterdam

(Original) …"
670,Shabu Shabu, 4 stars ,3 years ago,"(Translated by Google) So-so quality, but it's cheap and central, family friendly …"
671,Shabu Shabu, 5 stars ,3 years ago,"(Translated by Google) Delicious food, attentive service, and friendly atmosphere. …"
672,Shabu Shabu, 5 stars ,4 years ago,"(Translated by Google) Best sushi ever.

(Original)
Beste sushi ever."
673,Shabu Shabu, 5 stars ,2 years ago,"(Translated by Google) Great tent!

(Original)
Top tent!"
674,Shabu Shabu, 3 stars ,3 years ago,"(Translated by Google) Not my thing.

(Original)
Niet mijn ding."
675,Shabu Shabu, 5 stars ,4 years ago,"(Translated by Google) Great restaurant, incredibly such a huge atmosphere in Amsterdam at really humane prices!
Here the different sushis are ordered with the tablet. …"
676,Shabu Shabu, 4 stars ,2 years ago,"(Translated by Google) Excellent and all in correct formula

(Original) …"
677,Shabu Shabu, 5 stars ,2 years ago,"(Translated by Google) Excellent and a lot.

(Original)
Uitstekend en veel."
678,Shabu Shabu, 5 stars ,3 years ago,"(Translated by Google) Was just delicious again

(Original)
Was gewoon weer heerlijk"
679,Shabu Shabu, 4 stars ,3 years ago,"(Translated by Google) Not to busy

(Original)
Niet te druk"
680,Shabu Shabu, 4 stars ,4 years ago,"(Translated by Google) Everything exquisite plus good treatment

(Original) …"
681,Shabu Shabu, 4 stars ,2 years ago,"(Translated by Google) Tasty sushi dishes.

(Original)
Lekkere sushi gerechten."
682,Shabu Shabu, 1 star ,4 years ago,"(Translated by Google) Waiting too long for the drinks !!

(Original) …"
683,Shabu Shabu, 4 stars ,3 years ago,"(Translated by Google) Tasty good service but expensive

(Original) …"
684,Shabu Shabu, 3 stars ,4 years ago,"(Translated by Google) In terms of price and quality it is ok

(Original) …"
685,Shabu Shabu, 4 stars ,4 years ago,"(Translated by Google) Very good and not too expensive

(Original)
Très bon et pas trop cher"
686,Shabu Shabu, 4 stars ,4 years ago,"(Translated by Google) Delicious eaten. With Christmas

(Original) …"
687,Shabu Shabu, 5 stars ,3 years ago,"(Translated by Google) Good food! Friendly staff

(Original) …"
688,Shabu Shabu, 4 stars ,2 years ago,"(Translated by Google) Nice and very helpful cozy

(Original) …"
689,Shabu Shabu, 4 stars ,2 years ago,"(Translated by Google) Very many dinner options

(Original)
晚餐选择非常之多"
690,Shabu Shabu, 5 stars ,3 years ago,"(Translated by Google) Top site

(Original)
Top stek"
691,Shabu Shabu, 5 stars ,3 years ago,"(Translated by Google) Tasty sushi

(Original)
Lekker sushi"
692,Shabu Shabu, 5 stars ,2 years ago,"(Translated by Google) Best restaurant

(Original)
Лучший ресторан"
693,Shabu Shabu, 3 stars ,3 years ago,(Translated by Google) Ok ok I recommend you do not make too many problems ....... …
694,Shabu Shabu, 5 stars ,2 years ago,"(Translated by Google) Really good food!

(Original)
Echt lekker gegeten!"
695,Shabu Shabu, 5 stars ,2 years ago,"(Translated by Google) Nice opportunity and good food.

(Original) …"
696,Shabu Shabu, 5 stars ,2 years ago,"(Translated by Google) Tasty fresh and friendly staff.

(Original) …"
697,Shabu Shabu, 1 star ,3 years ago,"(Translated by Google) After a day of fun in Amsterdam, we thought: ""Let's have a nice sushi meal!"" (Not to mention that we are hard sushi fans so were really excited to try this restaurant). After a bite or two, one of my friends left …"
698,Shabu Shabu, 5 stars ,2 years ago,"(Translated by Google) Good food, always good

(Original)
Lekker eten, altijd Goed"
699,Shabu Shabu, 5 stars ,4 years ago,"(Translated by Google) Calpis ... the drink! mmmmmm!

(Original)
Calpis...het drankje! mmmmmm!"
700,Shabu Shabu, 5 stars ,3 years ago,"(Translated by Google) Great food and good service

(Original) …"
701,Shabu Shabu, 1 star ,5 years ago,"(Translated by Google) Too bad there are mice running

(Original)
Jammer dat er muizen lopen"
702,Shabu Shabu, 5 stars ,4 years ago,
703,Shabu Shabu, 4 stars ,3 years ago,"(Translated by Google) Not to busy

(Original)
Niet te druk"
704,Shabu Shabu, 5 stars ,4 years ago,"(Translated by Google) OMG !!! So delicious😀

(Original)
OMG!!! Zo heerlijk😀"
705,Shabu Shabu, 4 stars ,4 years ago,"(Translated by Google) Nice place in a super location.

(Original) …"
706,Shabu Shabu, 5 stars ,3 years ago,"(Translated by Google) Food and staff excellent, I recommend it.

(Original) …"
707,Shabu Shabu, 4 stars ,2 years ago,"(Translated by Google) Excellent and all in correct formula

(Original) …"
708,Shabu Shabu, 5 stars ,3 years ago,"(Translated by Google) Was just delicious again

(Original)
Was gewoon weer heerlijk"
709,Shabu Shabu, 4 stars ,3 years ago,"(Translated by Google) Delicious eaten.
Good and fast service.
Good quality for a good price. …"
710,Shabu Shabu, 5 stars ,3 years ago,"(Translated by Google) Great place for a party

(Original)
Prima plek voor een feestje"
711,Shabu Shabu, 5 stars ,2 years ago,"(Translated by Google) Good price quality.

(Original)
Buona qualità prezzo."
712,Shabu Shabu, 3 stars ,4 years ago,"(Translated by Google) Good Japanese food. Go hungry.

(Original) …"
713,Shabu Shabu, 1 star ,3 years ago,"(Translated by Google) Bad food, not to be recommended!

(Original) …"
714,Shabu Shabu, 5 stars ,5 years ago,"(Translated by Google) Beautiful restaurant on the Rembrandtplein. Wide choice of sushi and grill dishes, all for a fixed price. Dishes are beautifully presented and taste is top. Certainly for the price a good choice! …"
715,Shabu Shabu, 5 stars ,2 years ago,"(Translated by Google) Best Sushi Bamstrdm

(Original)
احسن سوشي بامستردم"
716,Shabu Shabu, 4 stars ,4 years ago,"(Translated by Google) Tasty fresh sushi ...

(Original)
Lekkere verse sushi..."
717,Shabu Shabu, 3 stars ,4 years ago,"(Translated by Google) Tasty, but expensive

(Original)
Lekker, wel duur"
718,Shabu Shabu, 3 stars ,2 years ago,"(Translated by Google) Too fast service

(Original)
Troppo veloce servizio"
719,Shabu Shabu, 4 stars ,3 years ago,"(Translated by Google) Had a nice lunch! Top

(Original)
Lekker geluncht! Top"
720,Shabu Shabu, 4 stars ,4 years ago,
721,Shabu Shabu, 4 stars ,3 years ago,"(Translated by Google) Tasty food enough choice

(Original)
Lekker eten genoeg keus"
722,Shabu Shabu, 4 stars ,3 years ago,"(Translated by Google) The food was fine.

(Original)
Het eten was prima."
723,Shabu Shabu, 5 stars ,3 years ago,"(Translated by Google) Always good!

(Original)
Altijd goed!"
724,Shabu Shabu, 5 stars ,3 years ago,"(Translated by Google) Nice sleek restaurant.

(Original)
Mooi strak restaurant."
725,Shabu Shabu, 5 stars ,2 years ago,"(Translated by Google) Well

(Original)
Bien"
726,Shabu Shabu, 5 stars ,2 years ago,"(Translated by Google) super tasty food

(Original)
super lekker eten"
727,Shabu Shabu, 4 stars ,2 years ago,"(Translated by Google) The fish

(Original)
Balık"
728,Shabu Shabu, 2 stars ,4 years ago,
729,Shabu Shabu, 5 stars ,3 years ago,"(Translated by Google) Nice place and good food

(Original)
Mooie zaak en lekker eten"
730,Shabu Shabu, 5 stars ,2 years ago,"(Translated by Google) Very good restaurant

(Original)
Sehr gutes Restaurant"
731,Shabu Shabu, 5 stars ,3 years ago,"(Translated by Google) Delicious and cozy!

(Original)
Heerlijk en gezellig!"
732,Shabu Shabu, 5 stars ,3 years ago,"(Translated by Google) Good

(Original)
Goed"
733,Shabu Shabu, 5 stars ,2 years ago,"(Translated by Google) Fantastic in a word.

(Original)
Fantastisch in een woord."
734,Shabu Shabu, 4 stars ,3 years ago,"(Translated by Google) Delicious and relaxed food.

(Original)
Lekker en ontspannen gegeten."
735,Shabu Shabu, 5 stars ,2 years ago,"(Translated by Google) Excellent and a lot.

(Original)
Uitstekend en veel."
736,Shabu Shabu, 5 stars ,3 years ago,"(Translated by Google) Always good

(Original)
Altijd goed"
737,Shabu Shabu, 4 stars ,3 years ago,"(Translated by Google) Always good

(Original)
Altijd goed"
738,Shabu Shabu, 4 stars ,2 years ago,"(Translated by Google) Was nice !!

(Original)
Was wel lekker !!"
739,Shabu Shabu, 5 stars ,3 years ago,"(Translated by Google) eat great!

(Original)
Geweldig gegeten!"
740,Shabu Shabu, 4 stars ,6 years ago,"(Translated by Google) Yummy

(Original)
Lekker"
741,Shabu Shabu, 1 star ,2 years ago,"(Translated by Google) not too bad

(Original)
그냥 그래요"
742,Shabu Shabu, 3 stars ,3 years ago,"(Translated by Google) Not my thing.

(Original)
Niet mijn ding."
743,Shabu Shabu, 5 stars ,2 years ago,"(Translated by Google) Great

(Original)
Super"
744,Shabu Shabu, 1 star ,3 years ago,"(Translated by Google) Bah

(Original)
Bah"
745,Shabu Shabu, 5 stars ,3 years ago,"(Translated by Google) Delicious eaten

(Original)
Heerlijk gegeten"
746,Shabu Shabu, 5 stars ,3 years ago,"(Translated by Google) Delicious eaten

(Original)
Heerlijk gegeten"
747,Shabu Shabu, 4 stars ,4 years ago,"(Translated by Google) Delicious eaten

(Original)
Heerlijk gegeten"
748,Shabu Shabu, 5 stars ,4 years ago,"(Translated by Google) Excellent

(Original)
מעולה"
749,Shabu Shabu, 1 star ,4 years ago,"(Translated by Google) Bad service

(Original)
Slechte bediening"
750,Shabu Shabu, 4 stars ,4 years ago,"(Translated by Google) Nice food though

(Original)
Lekker gegeten hoor"
751,Shabu Shabu, 5 stars ,5 years ago,"(Translated by Google) Cozy and tasty.

(Original)
Gezellig en lekker."
752,Shabu Shabu, 5 stars ,a year ago,"(Translated by Google) Good food

(Original)
Lekker gegeten"
753,Shabu Shabu, 5 stars ,3 years ago,"(Translated by Google) Crazy wow

(Original)
וואו מטורף"
754,Shabu Shabu, 5 stars ,4 years ago,"(Translated by Google) Plenty of choice

(Original)
Ruime keuze"
755,Shabu Shabu, 5 stars ,4 years ago,"(Translated by Google) Better than

(Original)
Lekkerder dan"
756,Shabu Shabu, 5 stars ,4 years ago,"(Translated by Google) Absolutely great

(Original)
Helemaal top"
757,Shabu Shabu, 3 stars ,4 years ago,"(Translated by Google) Good food

(Original)
Lekker gegeten"
758,Shabu Shabu, 4 stars ,3 years ago,"(Translated by Google) Good food

(Original)
Lekker eten"
759,Shabu Shabu, 5 stars ,5 years ago,"(Translated by Google) Quick service

(Original)
Snelle service"
760,Shabu Shabu, 5 stars ,3 years ago,"(Translated by Google) Very good

(Original)
Buonissimo"
761,Shabu Shabu, 5 stars ,2 years ago,
762,Shabu Shabu, 5 stars ,4 years ago,
763,Shabu Shabu, 3 stars ,5 years ago,
764,Shabu Shabu, 5 stars ,3 years ago,
765,Shabu Shabu, 5 stars ,2 years ago,
766,Shabu Shabu, 4 stars ,3 years ago,
767,Shabu Shabu, 5 stars ,2 years ago,
768,Shabu Shabu, 4 stars ,5 years ago,
769,Shabu Shabu, 2 stars ,3 years ago,
770,Shabu Shabu, 5 stars ,4 years ago,
771,Shabu Shabu, 5 stars ,3 years ago,
772,Shabu Shabu, 5 stars ,5 years ago,
773,Shabu Shabu, 3 stars ,3 years ago,
774,Shabu Shabu, 4 stars ,5 years ago,
775,Shabu Shabu, 5 stars ,2 years ago,
776,Shabu Shabu, 4 stars ,2 years ago,
777,Shabu Shabu, 4 stars ,3 years ago,
778,Shabu Shabu, 4 stars ,2 years ago,
779,Shabu Shabu, 5 stars ,5 years ago,
780,Shabu Shabu, 4 stars ,2 years ago,
781,Shabu Shabu, 5 stars ,3 years ago,
782,Shabu Shabu, 5 stars ,2 years ago,
783,Shabu Shabu, 5 stars ,4 years ago,
784,Shabu Shabu, 4 stars ,2 years ago,
785,Shabu Shabu, 4 stars ,3 years ago,
786,Shabu Shabu, 5 stars ,2 years ago,
787,Shabu Shabu, 4 stars ,3 years ago,
788,Shabu Shabu, 4 stars ,3 years ago,
789,Shabu Shabu, 5 stars ,4 years ago,
790,Shabu Shabu, 4 stars ,2 years ago,
791,Shabu Shabu, 5 stars ,2 years ago,
792,Shabu Shabu, 5 stars ,2 years ago,
793,Shabu Shabu, 5 stars ,2 years ago,
794,Shabu Shabu, 5 stars ,3 years ago,
795,Shabu Shabu, 4 stars ,5 years ago,
796,Shabu Shabu, 5 stars ,3 years ago,
797,Shabu Shabu, 5 stars ,2 years ago,
798,Shabu Shabu, 5 stars ,2 years ago,
799,Shabu Shabu, 5 stars ,3 years ago,
800,Shabu Shabu, 5 stars ,3 years ago,
801,Shabu Shabu, 5 stars ,2 years ago,
802,Shabu Shabu, 5 stars ,3 years ago,
803,Shabu Shabu, 4 stars ,4 years ago,
804,Shabu Shabu, 4 stars ,3 years ago,
805,Shabu Shabu, 4 stars ,3 years ago,
806,Shabu Shabu, 3 stars ,5 years ago,
807,Shabu Shabu, 4 stars ,4 years ago,
808,Shabu Shabu, 5 stars ,2 years ago,
809,Shabu Shabu, 3 stars ,4 years ago,
810,Shabu Shabu, 3 stars ,4 years ago,
811,Shabu Shabu, 5 stars ,3 years ago,
812,Shabu Shabu, 4 stars ,4 years ago,
813,Shabu Shabu, 5 stars ,4 years ago,
814,Shabu Shabu, 4 stars ,3 years ago,
815,Shabu Shabu, 4 stars ,5 years ago,
816,Shabu Shabu, 5 stars ,3 years ago,
817,Shabu Shabu, 4 stars ,2 years ago,
818,Shabu Shabu, 5 stars ,3 years ago,
819,Shabu Shabu, 2 stars ,4 years ago,
820,Shabu Shabu, 4 stars ,3 years ago,
821,Shabu Shabu, 4 stars ,4 years ago,
822,Shabu Shabu, 3 stars ,2 years ago,
823,Shabu Shabu, 5 stars ,2 years ago,
824,Shabu Shabu, 4 stars ,2 years ago,
825,Shabu Shabu, 3 stars ,2 years ago,
826,Shabu Shabu, 5 stars ,2 years ago,
827,Shabu Shabu, 5 stars ,3 years ago,
828,Shabu Shabu, 5 stars ,3 years ago,
829,Shabu Shabu, 4 stars ,5 years ago,
830,Shabu Shabu, 3 stars ,2 years ago,
831,Shabu Shabu, 4 stars ,2 years ago,
832,Shabu Shabu, 5 stars ,2 years ago,
833,Shabu Shabu, 4 stars ,5 years ago,
834,Shabu Shabu, 5 stars ,4 years ago,
835,Shabu Shabu, 5 stars ,2 years ago,
836,Shabu Shabu, 4 stars ,5 years ago,
837,Shabu Shabu, 4 stars ,4 years ago,
838,Shabu Shabu, 4 stars ,4 years ago,
839,Shabu Shabu, 1 star ,2 years ago,
840,Shabu Shabu, 4 stars ,6 years ago,
841,Shabu Shabu, 5 stars ,2 years ago,
842,Shabu Shabu, 5 stars ,3 years ago,
843,Shabu Shabu, 4 stars ,3 years ago,
844,Shabu Shabu, 5 stars ,2 years ago,
845,Shabu Shabu, 4 stars ,2 years ago,
846,Shabu Shabu, 5 stars ,2 years ago,
847,Shabu Shabu, 3 stars ,2 years ago,
848,Shabu Shabu, 5 stars ,3 years ago,
849,Shabu Shabu, 5 stars ,2 years ago,
850,Shabu Shabu, 1 star ,2 years ago,
851,Shabu Shabu, 5 stars ,2 years ago,
852,Shabu Shabu, 3 stars ,3 years ago,
853,Shabu Shabu, 5 stars ,3 years ago,
854,Shabu Shabu, 4 stars ,4 years ago,
855,Shabu Shabu, 5 stars ,2 years ago,
856,Shabu Shabu, 5 stars ,4 years ago,
857,Shabu Shabu, 4 stars ,3 years ago,
858,Shabu Shabu, 4 stars ,3 years ago,
859,Shabu Shabu, 3 stars ,2 years ago,
860,Shabu Shabu, 5 stars ,2 years ago,
861,Shabu Shabu, 4 stars ,5 years ago,
862,Shabu Shabu, 3 stars ,4 years ago,
863,Shabu Shabu, 5 stars ,2 years ago,
864,Shabu Shabu, 4 stars ,2 years ago,
865,Shabu Shabu, 3 stars ,5 years ago,
866,Shabu Shabu, 5 stars ,4 years ago,
867,Shabu Shabu, 4 stars ,3 years ago,
868,Shabu Shabu, 5 stars ,2 years ago,
869,Shabu Shabu, 5 stars ,4 years ago,
870,Shabu Shabu, 5 stars ,4 years ago,
871,Shabu Shabu, 4 stars ,2 years ago,
872,Shabu Shabu, 3 stars ,3 years ago,
873,Shabu Shabu, 3 stars ,3 years ago,
874,Shabu Shabu, 5 stars ,3 years ago,
875,Shabu Shabu, 5 stars ,3 years ago,
876,Shabu Shabu, 1 star ,2 years ago,
877,Shabu Shabu, 3 stars ,3 years ago,
878,Shabu Shabu, 3 stars ,2 years ago,
879,Shabu Shabu, 3 stars ,4 years ago,
880,Shabu Shabu, 3 stars ,4 years ago,
881,Shabu Shabu, 5 stars ,3 years ago,
882,Shabu Shabu, 4 stars ,3 years ago,
883,Shabu Shabu, 4 stars ,3 years ago,
884,Shabu Shabu, 4 stars ,3 years ago,
885,Shabu Shabu, 4 stars ,3 years ago,
886,Shabu Shabu, 2 stars ,2 years ago,
887,Shabu Shabu, 5 stars ,3 years ago,
888,Shabu Shabu, 4 stars ,4 years ago,
889,Shabu Shabu, 4 stars ,2 years ago,
890,Shabu Shabu, 4 stars ,3 years ago,
891,Shabu Shabu, 5 stars ,3 years ago,
892,Shabu Shabu, 5 stars ,2 years ago,
893,Shabu Shabu, 3 stars ,2 years ago,
894,Shabu Shabu, 4 stars ,2 years ago,
895,Shabu Shabu, 4 stars ,2 years ago,
896,Shabu Shabu, 4 stars ,2 years ago,
897,Shabu Shabu, 4 stars ,4 years ago,
898,Shabu Shabu, 4 stars ,3 years ago,
899,Shabu Shabu, 5 stars ,4 years ago,
900,Shabu Shabu, 3 stars ,4 years ago,
901,Shabu Shabu, 1 star ,4 years ago,
902,Shabu Shabu, 3 stars ,2 years ago,
903,Shabu Shabu, 5 stars ,2 years ago,
904,Shabu Shabu, 5 stars ,2 years ago,
905,Shabu Shabu, 5 stars ,4 years ago,
906,Shabu Shabu, 5 stars ,3 years ago,
907,Shabu Shabu, 3 stars ,2 years ago,
908,Shabu Shabu, 4 stars ,3 years ago,
909,Shabu Shabu, 3 stars ,3 years ago,
910,Shabu Shabu, 4 stars ,2 years ago,
911,Shabu Shabu, 4 stars ,3 years ago,
912,Shabu Shabu, 4 stars ,3 years ago,
913,Shabu Shabu, 4 stars ,3 years ago,
914,Shabu Shabu, 5 stars ,3 years ago,
915,Shabu Shabu, 4 stars ,4 years ago,
916,Shabu Shabu, 4 stars ,2 years ago,
917,Shabu Shabu, 5 stars ,3 years ago,
918,Shabu Shabu, 5 stars ,3 years ago,
919,Shabu Shabu, 4 stars ,4 years ago,
920,Shabu Shabu, 4 stars ,4 years ago,
921,Shabu Shabu, 4 stars ,4 years ago,
922,Shabu Shabu, 2 stars ,3 years ago,
923,Shabu Shabu, 5 stars ,2 years ago,
924,Shabu Shabu, 4 stars ,4 years ago,
925,Shabu Shabu, 4 stars ,4 years ago,
926,Shabu Shabu, 4 stars ,3 years ago,
927,Shabu Shabu, 4 stars ,3 years ago,
928,Shabu Shabu, 4 stars ,2 years ago,
929,Shabu Shabu, 4 stars ,2 years ago,
